1.jpg 359 404 31 31
2.jpg 280 356 30 31
3.jpg 257 328 43 60
3.jpg 268 328 34 33
4.jpg 343 345 35 38
5.jpg 292 322 42 46
6.jpg 294 310 48 52
7.jpg 285 335 46 45
8.jpg 313 327 61 61
9.jpg 323 376 66 64
10.jpg 279 390 58 57
11.jpg 327 368 54 58
12.jpg 314 374 49 55
13.jpg 406 352 47 58
14.jpg 362 396 57 78
15.jpg 149 0 491 365
15.jpg 320 372 73 86
16.jpg 287 340 95 99
17.jpg 260 285 106 105
18.jpg 338 272 110 105
19.jpg 313 354 91 88
20.jpg 366 358 41 96
21.jpg 286 361 69 114
22.jpg 297 317 113 133
23.jpg 308 333 126 138
24.jpg 318 383 144 130
25.jpg 302 354 143 138
26.jpg 308 430 66 67
27.jpg 321 388 73 70
28.jpg 288 401 88 79
29.jpg 316 376 117 88
30.jpg 384 407 89 85
31.jpg 340 379 68 80
32.jpg 371 367 35 41
33.jpg 243 376 166 110
33.jpg 295 371 39 42
34.jpg 339 347 42 46
35.jpg 343 370 49 51
36.jpg 338 365 32 31
37.jpg 300 373 73 42
37.jpg 313 367 37 37
38.jpg 290 411 29 30
39.jpg 322 371 55 37
39.jpg 350 375 28 32
40.jpg 215 401 116 119
41.jpg 221 386 148 138
42.jpg 226 378 121 130
43.jpg 214 430 77 119
44.jpg 0 278 640 682
44.jpg 221 379 42 122
45.jpg 247 450 11 107
46.jpg 203 291 96 77
46.jpg 203 291 96 77
46.jpg 222 226 148 51
46.jpg 240 329 25 51
47.jpg 232 318 35 58
48.jpg 256 367 40 57
49.jpg 210 356 48 62
50.jpg 261 393 58 64
51.jpg 244 355 67 67
52.jpg 302 427 50 50
53.jpg 331 365 42 47
54.jpg 311 342 37 43
55.jpg 342 390 29 40
56.jpg 198 358 47 71
56.jpg 162 0 333 319
56.jpg 226 377 21 30
57.jpg 267 403 26 26
58.jpg 281 366 29 35
59.jpg 208 357 35 36
60.jpg 315 343 29 37
61.jpg 371 431 32 32
62.jpg 373 407 38 33
63.jpg 368 409 37 33
64.jpg 315 371 49 45
65.jpg 363 325 62 52
66.jpg 406 332 61 46
67.jpg 392 326 45 43
68.jpg 369 351 52 53
69.jpg 319 372 56 57
70.jpg 320 350 65 62
71.jpg 310 357 71 66
72.jpg 376 344 76 70
73.jpg 0 0 640 483
73.jpg 334 380 68 79
74.jpg 345 355 88 111
75.jpg 335 301 127 147
76.jpg 312 310 184 175
77.jpg 387 319 197 176
78.jpg 370 344 123 156
79.jpg 382 344 70 150
80.jpg 356 361 33 36
81.jpg 278 374 35 34
82.jpg 283 341 37 48
82.jpg 278 339 39 40
83.jpg 369 345 34 39
84.jpg 224 417 59 65
84.jpg 225 421 41 49
85.jpg 86 482 48 50
86.jpg 232 396 53 52
87.jpg 315 410 52 49
88.jpg 295 367 66 62
89.jpg 262 390 66 65
90.jpg 230 351 68 71
91.jpg 276 293 66 78
92.jpg 245 354 59 82
93.jpg 0 0 503 489
93.jpg 265 340 51 97
94.jpg 0 0 506 468
94.jpg 175 340 60 136
95.jpg 105 322 93 171
96.jpg 184 318 167 193
97.jpg 189 349 170 159
98.jpg 240 291 147 144
99.jpg 248 334 124 142
100.jpg 310 409 36 35
101.jpg 335 388 37 36
102.jpg 330 339 40 37
103.jpg 386 356 43 39
104.jpg 399 316 56 55
105.jpg 390 358 61 72
105.jpg 395 356 58 55
106.jpg 333 352 53 52
107.jpg 276 365 51 55
108.jpg 390 309 66 70
109.jpg 287 312 77 84
110.jpg 370 384 90 89
111.jpg 324 322 98 91
112.jpg 305 370 92 87
113.jpg 334 398 80 85
114.jpg 317 361 92 120
115.jpg 324 396 166 157
116.jpg 263 340 160 149
117.jpg 299 360 144 146
118.jpg 402 424 102 104
118.jpg 369 372 136 151
119.jpg 222 246 267 186
119.jpg 423 278 104 144
120.jpg 319 405 35 40
121.jpg 296 408 31 32
122.jpg 284 379 34 30
123.jpg 320 404 46 38
123.jpg 333 402 33 36
124.jpg 447 405 37 35
125.jpg 331 346 45 45
126.jpg 334 387 44 40
127.jpg 333 391 41 41
128.jpg 226 327 59 49
129.jpg 298 367 50 51
130.jpg 261 350 50 49
131.jpg 308 333 55 54
132.jpg 407 276 54 58
133.jpg 338 310 55 58
134.jpg 305 347 84 79
135.jpg 312 336 131 110
135.jpg 352 339 91 89
136.jpg 315 333 84 77
137.jpg 298 307 76 75
138.jpg 265 343 92 85
139.jpg 259 358 71 73
140.jpg 356 381 149 107
141.jpg 275 429 114 113
142.jpg 201 357 130 119
143.jpg 256 349 114 113
144.jpg 203 281 110 125
145.jpg 382 371 78 102
146.jpg 318 369 87 113
147.jpg 320 330 148 153
148.jpg 256 422 166 147
149.jpg 274 365 157 140
150.jpg 274 325 147 139
151.jpg 373 404 76 78
152.jpg 344 422 80 74
153.jpg 301 419 87 80
154.jpg 363 402 83 73
155.jpg 366 410 80 69
156.jpg 361 410 84 72
157.jpg 260 407 69 53
157.jpg 279 415 49 42
158.jpg 309 380 49 45
159.jpg 229 357 67 72
159.jpg 244 367 52 50
160.jpg 292 368 55 56
161.jpg 353 456 36 34
162.jpg 343 482 40 34
163.jpg 304 435 39 30
164.jpg 355 417 37 35
165.jpg 278 425 32 31
166.jpg 349 478 26 31
167.jpg 288 450 29 28
168.jpg 280 468 29 28
169.jpg 317 424 24 37
170.jpg 383 392 34 44
171.jpg 270 365 35 51
172.jpg 288 326 45 50
173.jpg 306 395 60 66
174.jpg 285 357 60 63
175.jpg 275 354 58 72
176.jpg 307 364 43 72
177.jpg 280 412 41 73
178.jpg 240 336 38 71
179.jpg 235 395 30 82
180.jpg 276 374 47 114
181.jpg 225 309 94 159
182.jpg 222 290 120 148
183.jpg 248 324 128 133
184.jpg 277 334 106 110
185.jpg 359 455 33 30
186.jpg 394 390 31 31
187.jpg 387 402 31 29
188.jpg 389 391 32 30
189.jpg 333 387 37 36
190.jpg 290 451 40 39
191.jpg 310 466 40 37
192.jpg 317 479 42 38
193.jpg 324 482 41 38
194.jpg 328 482 41 38
195.jpg 322 481 42 39
196.jpg 249 436 39 38
197.jpg 307 385 42 42
198.jpg 237 356 154 159
198.jpg 312 382 40 50
199.jpg 310 330 46 55
200.jpg 269 315 56 61
201.jpg 310 319 61 62
202.jpg 251 331 66 63
203.jpg 250 358 67 63
204.jpg 357 422 68 64
205.jpg 275 416 91 86
206.jpg 318 420 107 99
207.jpg 256 369 120 110
208.jpg 302 387 115 113
209.jpg 342 417 107 115
210.jpg 323 389 87 112
211.jpg 354 410 99 122
212.jpg 367 393 130 141
213.jpg 310 408 148 137
214.jpg 288 404 157 141
215.jpg 299 425 153 144
216.jpg 301 441 131 133
217.jpg 289 438 69 70
218.jpg 317 416 78 74
219.jpg 354 453 83 74
220.jpg 323 424 72 72
221.jpg 316 412 73 70
222.jpg 422 416 71 73
223.jpg 277 424 50 50
224.jpg 323 441 52 50
225.jpg 325 424 55 50
226.jpg 337 429 49 46
227.jpg 329 441 38 35
228.jpg 324 442 34 35
229.jpg 314 429 43 43
230.jpg 315 444 41 40
