1.jpg 364 291 51 75
2.jpg 332 352 54 79
3.jpg 379 341 69 87
4.jpg 347 284 80 93
5.jpg 311 342 79 90
6.jpg 354 299 89 147
7.jpg 333 343 47 56
8.jpg 349 352 46 52
9.jpg 344 362 48 54
10.jpg 393 375 48 52
11.jpg 361 385 45 52
12.jpg 434 397 42 52
13.jpg 334 376 28 32
14.jpg 338 395 17 17
14.jpg 332 386 30 33
15.jpg 347 396 31 34
16.jpg 377 381 31 33
17.jpg 338 333 23 26
18.jpg 291 382 23 26
19.jpg 333 337 25 32
20.jpg 322 391 21 24
22.jpg 269 383 24 28
23.jpg 374 389 26 29
24.jpg 349 420 22 32
25.jpg 327 416 24 31
26.jpg 355 291 30 48
27.jpg 224 366 35 40
28.jpg 248 321 35 40
29.jpg 240 388 36 39
30.jpg 330 342 45 52
31.jpg 259 360 51 56
32.jpg 270 332 57 63
33.jpg 286 336 52 64
34.jpg 318 365 45 61
35.jpg 274 310 37 58
36.jpg 354 324 28 73
37.jpg 351 288 45 85
38.jpg 267 338 75 108
39.jpg 245 356 103 116
40.jpg 182 309 114 118
41.jpg 220 327 97 114
42.jpg 250 387 79 106
43.jpg 219 446 116 125
44.jpg 190 445 112 142
45.jpg 159 412 86 119
46.jpg 223 367 44 123
47.jpg 312 385 23 123
48.jpg 242 331 31 65
49.jpg 238 328 43 66
50.jpg 243 354 45 64
51.jpg 260 343 56 71
52.jpg 280 319 77 84
53.jpg 264 326 70 77
54.jpg 297 405 37 42
55.jpg 332 376 38 49
56.jpg 336 395 34 59
57.jpg 369 356 25 37
58.jpg 205 358 16 26
59.jpg 298 377 25 32
60.jpg 203 339 30 37
61.jpg 228 338 27 30
62.jpg 298 417 27 31
63.jpg 0 0 489 413
63.jpg 369 407 28 31
64.jpg 388 414 30 32
65.jpg 408 413 30 33
66.jpg 393 357 34 39
67.jpg 340 336 38 42
68.jpg 376 333 37 40
69.jpg 198 336 37 42
70.jpg 406 318 42 57
71.jpg 304 372 52 64
72.jpg 339 380 58 65
73.jpg 321 375 61 67
74.jpg 328 342 62 72
75.jpg 338 347 56 72
76.jpg 326 321 63 106
77.jpg 315 322 99 132
78.jpg 362 380 144 153
79.jpg 337 358 122 147
80.jpg 357 299 77 133
81.jpg 383 309 40 128
82.jpg 285 398 80 107
83.jpg 231 378 105 129
84.jpg 110 323 156 170
85.jpg 38 302 163 197
86.jpg 48 270 99 199
87.jpg 194 404 50 135
88.jpg 131 410 48 73
89.jpg 190 412 50 71
90.jpg 284 416 58 70
91.jpg 267 429 57 67
92.jpg 265 404 56 64
93.jpg 341 359 54 60
94.jpg 390 426 39 42
95.jpg 366 318 33 38
96.jpg 331 380 31 37
97.jpg 248 419 28 35
98.jpg 272 382 23 28
99.jpg 244 388 22 28
100.jpg 255 388 23 27
101.jpg 249 417 23 26
102.jpg 406 414 72 116
103.jpg 321 346 87 118
104.jpg 287 249 116 136
105.jpg 339 320 105 130
106.jpg 332 324 87 104
107.jpg 377 393 71 88
108.jpg 339 394 37 44
109.jpg 391 331 43 50
110.jpg 384 369 43 47
111.jpg 301 368 41 47
112.jpg 264 387 41 47
113.jpg 246 405 40 46
114.jpg 232 360 32 38
115.jpg 311 326 31 38
116.jpg 279 323 31 37
117.jpg 369 345 34 37
118.jpg 305 298 30 34
119.jpg 215 361 28 32
120.jpg 336 390 29 34
121.jpg 398 350 16 19
121.jpg 392 344 28 32
123.jpg 349 401 66 101
124.jpg 333 427 87 113
125.jpg 330 430 113 145
126.jpg 330 367 118 133
127.jpg 378 360 92 127
128.jpg 373 338 59 108
129.jpg 356 411 51 66
130.jpg 355 441 57 67
131.jpg 339 389 59 66
132.jpg 310 449 57 63
133.jpg 403 401 57 62
133.jpg 403 401 57 62
135.jpg 450 372 56 62
136.jpg 286 426 33 36
137.jpg 325 384 33 37
138.jpg 285 352 35 39
139.jpg 373 445 33 36
140.jpg 346 409 23 27
141.jpg 397 417 24 27
142.jpg 411 438 26 27
143.jpg 327 429 26 28
144.jpg 350 398 25 28
145.jpg 324 416 38 43
146.jpg 356 364 27 31
147.jpg 357 377 28 37
148.jpg 423 371 28 36
149.jpg 357 414 30 36
150.jpg 346 412 31 39
151.jpg 335 408 34 40
152.jpg 304 362 46 50
153.jpg 274 360 50 57
154.jpg 284 317 50 62
155.jpg 247 342 52 60
156.jpg 342 311 52 62
157.jpg 284 314 44 68
158.jpg 183 331 64 100
159.jpg 166 362 89 116
160.jpg 133 349 113 133
161.jpg 243 320 124 138
162.jpg 182 406 131 92
162.jpg 165 392 159 155
163.jpg 195 382 112 148
164.jpg 315 363 42 79
165.jpg 336 378 70 102
166.jpg 341 372 86 105
167.jpg 241 381 94 106
168.jpg 286 363 84 98
169.jpg 273 340 65 91
170.jpg 256 385 49 58
171.jpg 303 379 47 54
172.jpg 271 389 48 55
173.jpg 283 366 47 55
174.jpg 226 426 38 47
175.jpg 331 331 33 47
176.jpg 392 388 27 31
177.jpg 309 432 25 29
178.jpg 325 420 28 34
179.jpg 246 375 26 30
180.jpg 281 461 20 23
181.jpg 268 420 20 24
182.jpg 291 420 20 23
183.jpg 300 377 19 24
184.jpg 441 381 45 110
185.jpg 325 339 64 111
186.jpg 409 364 87 100
187.jpg 275 344 87 98
188.jpg 313 339 88 100
189.jpg 314 362 75 88
190.jpg 350 371 48 57
191.jpg 327 395 24 24
191.jpg 317 381 45 51
192.jpg 286 358 49 55
193.jpg 333 398 49 56
194.jpg 333 346 46 58
195.jpg 266 409 40 52
196.jpg 308 412 27 34
197.jpg 349 418 29 36
198.jpg 405 356 33 37
199.jpg 426 326 36 39
200.jpg 295 456 27 30
201.jpg 328 419 27 29
202.jpg 371 409 28 31
203.jpg 340 391 25 30
204.jpg 307 420 30 35
205.jpg 348 437 28 35
206.jpg 360 444 25 28
207.jpg 363 437 25 29
208.jpg 332 455 30 33
209.jpg 318 479 31 37
210.jpg 347 469 32 34
211.jpg 332 446 38 44
212.jpg 378 397 51 56
213.jpg 359 433 55 60
214.jpg 356 450 62 68
215.jpg 373 417 54 64
216.jpg 366 396 55 69
217.jpg 349 410 56 69
218.jpg 288 388 78 87
219.jpg 308 395 90 98
220.jpg 292 410 87 96
221.jpg 345 379 90 101
222.jpg 365 402 86 100
223.jpg 401 400 75 112
