1.jpg 281 286 69 83
2.jpg 234 348 76 86
3.jpg 272 337 83 97
4.jpg 245 271 75 101
5.jpg 228 336 59 88
6.jpg 297 317 46 105
7.jpg 291 339 37 55
8.jpg 300 346 40 52
9.jpg 289 356 45 54
10.jpg 332 367 52 59
11.jpg 299 376 52 58
11.jpg 299 376 52 58
12.jpg 374 389 48 54
13.jpg 297 371 29 34
14.jpg 0 0 640 364
14.jpg 294 381 30 35
15.jpg 311 392 29 35
16.jpg 342 376 27 35
17.jpg 313 335 15 14
17.jpg 311 329 21 26
18.jpg 264 377 21 26
19.jpg 306 331 22 26
20.jpg 291 386 25 26
22.jpg 294 379 25 29
23.jpg 404 389 20 26
24.jpg 375 423 24 27
25.jpg 354 416 25 33
26.jpg 388 295 33 38
27.jpg 271 385 25 17
27.jpg 265 374 38 39
28.jpg 288 325 34 42
29.jpg 280 392 32 39
30.jpg 380 346 36 52
31.jpg 315 357 43 57
32.jpg 333 333 56 66
33.jpg 342 344 58 64
34.jpg 368 372 56 63
35.jpg 316 314 54 66
36.jpg 392 332 63 82
37.jpg 405 305 87 105
38.jpg 354 360 105 116
39.jpg 357 368 101 119
40.jpg 297 307 81 130
41.jpg 317 340 43 101
42.jpg 342 392 37 103
43.jpg 361 450 82 117
44.jpg 335 466 114 131
45.jpg 272 418 116 130
46.jpg 279 377 90 123
47.jpg 344 404 80 123
48.jpg 284 344 47 60
49.jpg 292 342 54 62
50.jpg 302 363 59 68
51.jpg 332 346 65 81
52.jpg 376 323 72 94
53.jpg 351 338 54 53
53.jpg 345 328 64 91
54.jpg 345 412 31 42
55.jpg 382 382 38 46
56.jpg 376 403 38 42
57.jpg 400 328 132 33
58.jpg 228 360 23 28
59.jpg 330 381 29 33
60.jpg 239 346 27 30
61.jpg 258 336 30 40
62.jpg 264 418 29 32
63.jpg 338 417 21 16
63.jpg 338 417 21 16
63.jpg 170 329 470 455
63.jpg 0 0 489 413
63.jpg 327 407 38 38
64.jpg 354 415 28 33
65.jpg 374 413 29 33
66.jpg 359 358 28 38
67.jpg 301 334 32 41
68.jpg 330 327 38 52
69.jpg 149 332 41 45
70.jpg 344 317 51 61
71.jpg 232 374 60 68
72.jpg 270 379 56 68
73.jpg 260 372 51 67
74.jpg 274 338 45 71
75.jpg 288 341 45 75
76.jpg 293 309 33 105
77.jpg 250 304 60 135
78.jpg 238 357 108 146
79.jpg 173 333 143 160
80.jpg 208 285 128 155
81.jpg 300 304 73 134
81.jpg 300 304 73 134
82.jpg 381 398 33 95
83.jpg 354 387 49 110
84.jpg 293 338 107 153
85.jpg 237 314 174 196
86.jpg 173 295 193 204
87.jpg 253 417 125 149
88.jpg 191 414 69 77
89.jpg 252 418 67 76
90.jpg 358 419 71 75
91.jpg 339 428 59 70
92.jpg 336 403 54 65
93.jpg 409 356 47 62
94.jpg 434 420 33 45
95.jpg 258 0 382 340
95.jpg 404 316 35 44
96.jpg 361 382 40 38
97.jpg 281 425 33 37
98.jpg 290 381 34 32
99.jpg 272 389 24 28
100.jpg 284 389 24 28
101.jpg 278 414 23 32
102.jpg 260 411 108 125
103.jpg 179 341 117 135
104.jpg 159 241 101 141
105.jpg 246 334 72 113
106.jpg 268 323 50 97
107.jpg 336 394 30 80
108.jpg 308 392 25 43
109.jpg 351 330 33 50
110.jpg 343 365 33 48
111.jpg 255 364 37 49
112.jpg 214 382 41 50
113.jpg 194 401 43 50
114.jpg 189 356 35 42
115.jpg 271 323 32 40
116.jpg 240 319 31 40
117.jpg 333 340 31 39
118.jpg 272 294 27 37
119.jpg 179 355 29 35
120.jpg 298 386 30 36
121.jpg 357 339 28 34
123.jpg 275 387 58 97
123.jpg 300 404 37 83
124.jpg 279 422 43 91
125.jpg 245 423 70 110
126.jpg 178 343 119 140
127.jpg 220 332 124 139
128.jpg 245 323 102 120
129.jpg 276 404 62 71
130.jpg 278 433 59 70
131.jpg 266 380 55 69
132.jpg 248 441 46 64
133.jpg 351 394 39 61
134.jpg 265 360 170 134
134.jpg 397 367 40 67
135.jpg 396 358 39 68
136.jpg 257 420 31 42
137.jpg 289 379 30 42
138.jpg 248 346 31 41
139.jpg 333 439 33 39
140.jpg 317 403 24 28
141.jpg 368 413 24 27
142.jpg 385 434 22 28
143.jpg 303 424 26 29
144.jpg 382 398 28 42
145.jpg 355 414 25 41
146.jpg 390 363 29 33
147.jpg 389 379 30 36
148.jpg 456 374 33 38
149.jpg 393 415 35 40
150.jpg 384 414 34 41
151.jpg 376 408 36 42
152.jpg 359 359 47 54
153.jpg 335 358 52 59
154.jpg 345 317 55 65
155.jpg 304 338 54 63
156.jpg 400 307 55 76
157.jpg 333 321 60 73
158.jpg 258 341 93 111
159.jpg 274 379 116 127
160.jpg 273 352 129 139
161.jpg 393 340 125 141
162.jpg 344 408 108 136
163.jpg 330 405 68 122
164.jpg 221 352 78 88
165.jpg 220 377 97 108
166.jpg 229 360 90 108
167.jpg 151 364 76 113
168.jpg 229 352 48 102
169.jpg 242 336 27 82
170.jpg 214 387 33 58
171.jpg 253 379 43 57
172.jpg 214 382 48 59
173.jpg 225 362 49 57
174.jpg 171 415 48 57
175.jpg 278 323 43 49
176.jpg 357 389 31 36
177.jpg 276 429 30 35
178.jpg 294 416 29 36
179.jpg 216 369 27 37
180.jpg 259 456 20 22
181.jpg 243 414 23 29
182.jpg 267 410 24 31
183.jpg 274 372 24 27
184.jpg 287 392 117 95
185.jpg 203 344 91 104
186.jpg 304 371 84 100
187.jpg 195 342 65 98
188.jpg 247 331 52 96
189.jpg 265 354 39 83
190.jpg 319 370 28 50
191.jpg 277 375 33 51
192.jpg 236 350 40 56
193.jpg 273 384 53 68
194.jpg 275 340 47 56
195.jpg 204 402 52 61
196.jpg 267 409 32 37
197.jpg 306 410 37 42
198.jpg 366 349 31 40
199.jpg 390 320 29 39
200.jpg 222 393 167 168
200.jpg 265 449 24 35
201.jpg 297 411 26 36
202.jpg 342 401 25 35
203.jpg 307 384 27 35
204.jpg 268 416 31 37
205.jpg 317 434 27 37
206.jpg 323 440 29 31
207.jpg 330 434 25 29
208.jpg 296 452 29 33
209.jpg 278 476 31 38
210.jpg 304 463 33 44
211.jpg 289 444 37 41
212.jpg 322 395 49 57
213.jpg 304 435 45 51
214.jpg 310 454 43 53
215.jpg 326 418 41 53
216.jpg 314 400 42 56
217.jpg 306 415 36 55
218.jpg 219 376 55 84
219.jpg 215 385 73 96
220.jpg 181 400 86 101
221.jpg 240 365 91 104
222.jpg 262 396 88 100
223.jpg 302 400 86 100
