1.jpg 324 190 207 206
2.jpg 276 154 235 206
3.jpg 315 224 138 120
4.jpg 365 217 156 187
5.jpg 378 215 71 106
6.jpg 442 191 90 105
7.jpg 419 194 119 112
8.jpg 473 182 86 74
9.jpg 478 200 84 72
10.jpg 446 174 119 123
11.jpg 388 181 75 77
12.jpg 418 211 55 48
13.jpg 419 222 56 46
14.jpg 457 174 84 78
15.jpg 506 166 75 75
16.jpg 377 249 56 50
17.jpg 470 236 54 48
18.jpg 480 228 40 36
19.jpg 479 237 39 36
20.jpg 463 282 33 31
21.jpg 505 262 32 29
22.jpg 502 289 26 24
23.jpg 496 286 25 23
24.jpg 303 203 199 194
25.jpg 264 163 219 192
26.jpg 234 113 195 174
27.jpg 342 169 144 148
28.jpg 341 197 85 137
29.jpg 389 259 70 79
30.jpg 447 198 77 83
31.jpg 463 214 84 77
32.jpg 504 199 88 76
33.jpg 488 218 82 72
34.jpg 443 249 45 39
35.jpg 440 219 44 38
36.jpg 506 192 43 39
37.jpg 565 160 45 40
38.jpg 596 200 44 39
39.jpg 480 252 33 29
40.jpg 520 205 32 29
41.jpg 485 207 33 29
42.jpg 467 241 26 22
43.jpg 470 230 23 20
44.jpg 582 225 26 21
45.jpg 407 162 131 120
46.jpg 372 146 134 122
47.jpg 343 139 134 120
48.jpg 354 158 114 105
49.jpg 355 134 97 101
50.jpg 484 209 66 57
51.jpg 476 150 65 60
52.jpg 499 157 65 58
53.jpg 505 148 64 59
54.jpg 514 130 65 59
55.jpg 464 193 27 29
56.jpg 504 182 43 39
57.jpg 578 143 44 38
58.jpg 581 172 43 38
59.jpg 608 169 44 39
60.jpg 613 159 43 51
61.jpg 516 192 27 24
62.jpg 504 196 26 24
63.jpg 560 192 18 19
64.jpg 592 168 27 24
65.jpg 475 213 21 20
66.jpg 454 213 15 15
67.jpg 533 189 14 16
68.jpg 650 171 142 177
69.jpg 592 144 180 193
70.jpg 532 153 206 184
71.jpg 493 162 209 180
72.jpg 460 194 159 171
73.jpg 422 181 91 93
74.jpg 455 146 106 95
75.jpg 493 135 136 101
76.jpg 534 168 97 85
77.jpg 575 167 85 80
78.jpg 473 264 49 47
79.jpg 541 233 58 49
80.jpg 519 227 69 55
81.jpg 554 213 35 32
82.jpg 478 267 46 37
83.jpg 511 230 44 36
84.jpg 512 222 41 36
85.jpg 541 240 37 35
86.jpg 520 214 31 26
87.jpg 548 218 32 27
88.jpg 491 222 33 28
89.jpg 313 197 256 221
90.jpg 188 168 255 210
91.jpg 208 135 214 185
92.jpg 264 143 161 156
93.jpg 278 151 86 93
94.jpg 418 246 44 45
95.jpg 406 205 78 80
96.jpg 458 148 83 76
97.jpg 475 160 86 78
98.jpg 464 194 89 76
99.jpg 500 202 86 76
100.jpg 538 239 51 43
101.jpg 449 248 35 29
102.jpg 463 247 38 31
103.jpg 473 182 56 53
104.jpg 536 209 49 54
105.jpg 554 215 31 32
106.jpg 465 245 21 25
107.jpg 499 222 37 42
108.jpg 500 203 37 38
109.jpg 500 187 25 35
110.jpg 418 182 41 38
111.jpg 477 189 19 16
112.jpg 513 217 26 24
113.jpg 507 193 28 26
114.jpg 440 183 18 18
115.jpg 562 197 19 18
116.jpg 325 115 209 213
117.jpg 135 17 237 207
118.jpg 230 167 201 177
119.jpg 238 185 152 156
120.jpg 261 123 101 136
121.jpg 374 175 46 66
122.jpg 480 181 53 65
123.jpg 414 146 70 69
124.jpg 390 173 78 67
125.jpg 464 121 82 68
126.jpg 464 141 80 69
127.jpg 479 158 49 40
128.jpg 457 201 47 41
129.jpg 394 181 46 40
130.jpg 431 217 35 32
131.jpg 441 201 34 30
132.jpg 390 162 35 32
133.jpg 446 173 36 32
134.jpg 366 200 132 137
135.jpg 295 150 152 146
136.jpg 290 139 164 158
137.jpg 353 103 131 170
138.jpg 320 102 161 160
140.jpg 433 159 119 114
141.jpg 497 158 82 83
142.jpg 534 131 89 83
143.jpg 594 127 92 83
144.jpg 542 138 83 74
145.jpg 499 141 32 33
146.jpg 458 137 39 35
147.jpg 465 150 50 46
148.jpg 438 135 51 50
149.jpg 292 113 37 37
150.jpg 388 170 50 47
151.jpg 504 238 30 28
152.jpg 445 145 33 31
153.jpg 489 165 36 33
154.jpg 446 187 24 26
155.jpg 492 140 38 35
156.jpg 373 108 214 232
157.jpg 313 112 246 225
158.jpg 210 111 241 209
159.jpg 250 103 201 189
160.jpg 257 26 79 122
161.jpg 498 176 78 69
162.jpg 428 94 80 73
163.jpg 478 96 81 74
164.jpg 344 98 83 78
165.jpg 339 80 77 80
166.jpg 529 190 52 46
167.jpg 441 115 53 49
168.jpg 428 114 55 49
169.jpg 421 121 53 50
170.jpg 455 146 31 36
171.jpg 484 220 42 38
172.jpg 428 112 45 41
173.jpg 406 167 43 39
174.jpg 476 164 41 39
175.jpg 388 132 42 42
176.jpg 391 178 25 32
177.jpg 420 196 150 155
178.jpg 358 107 176 164
179.jpg 392 120 164 151
180.jpg 296 173 161 146
181.jpg 320 146 141 146
182.jpg 286 85 109 149
183.jpg 350 210 73 82
184.jpg 397 246 79 79
185.jpg 470 189 91 85
186.jpg 532 177 94 85
187.jpg 442 165 94 82
188.jpg 502 181 55 60
189.jpg 430 165 61 57
190.jpg 430 117 69 64
191.jpg 538 206 69 59
192.jpg 595 122 72 71
193.jpg 551 152 68 63
194.jpg 481 176 61 59
195.jpg 470 236 54 61
196.jpg 396 228 26 27
197.jpg 534 151 25 29
198.jpg 507 176 27 29
199.jpg 495 180 25 26
200.jpg 497 195 41 37
201.jpg 624 121 94 135
202.jpg 612 139 124 140
203.jpg 499 148 147 144
204.jpg 541 118 176 156
205.jpg 473 144 182 168
206.jpg 732 99 82 78
207.jpg 690 113 204 79
208.jpg 590 86 88 77
209.jpg 597 145 82 72
210.jpg 531 144 80 70
211.jpg 572 177 28 30
212.jpg 552 168 27 27
213.jpg 527 176 27 27
214.jpg 518 157 26 27
215.jpg 520 160 23 25
216.jpg 484 191 17 19
217.jpg 467 150 18 19
218.jpg 515 137 18 20
219.jpg 545 153 17 21
220.jpg 467 147 19 22
