1.jpg 457 220 11 57
2.jpg 400 173 47 120
3.jpg 426 203 117 133
4.jpg 288 160 157 149
5.jpg 389 167 140 149
6.jpg 502 202 93 156
7.jpg 322 220 82 84
8.jpg 406 267 58 53
9.jpg 396 252 46 45
10.jpg 376 258 58 58
11.jpg 330 250 48 52
12.jpg 440 259 62 89
13.jpg 423 224 44 42
14.jpg 471 216 46 44
15.jpg 462 247 44 43
16.jpg 517 232 46 45
17.jpg 453 234 33 33
18.jpg 448 207 32 31
19.jpg 387 195 31 29
20.jpg 503 218 28 27
21.jpg 518 189 46 128
22.jpg 543 146 48 130
23.jpg 490 125 139 163
24.jpg 389 172 187 167
25.jpg 459 142 158 172
26.jpg 420 115 127 164
27.jpg 518 155 80 102
28.jpg 554 149 79 96
29.jpg 556 147 97 98
30.jpg 580 135 103 101
31.jpg 640 124 59 96
32.jpg 619 145 40 86
33.jpg 471 197 39 54
34.jpg 461 209 60 60
35.jpg 473 222 54 53
36.jpg 525 239 52 52
37.jpg 503 191 43 40
38.jpg 404 202 40 39
39.jpg 410 203 37 37
40.jpg 405 210 28 29
41.jpg 427 215 38 36
42.jpg 326 191 40 38
43.jpg 354 228 33 32
44.jpg 457 194 30 32
45.jpg 423 208 31 39
46.jpg 446 225 33 36
47.jpg 408 216 51 50
48.jpg 408 190 37 52
49.jpg 434 200 53 59
50.jpg 347 174 67 104
51.jpg 367 184 86 88
52.jpg 404 172 66 65
53.jpg 444 169 65 79
54.jpg 399 160 47 79
55.jpg 464 192 47 109
56.jpg 376 136 95 139
57.jpg 319 115 187 188
58.jpg 409 107 157 169
59.jpg 441 131 95 148
60.jpg 372 148 93 134
61.jpg 462 229 42 40
62.jpg 437 243 41 38
63.jpg 470 210 35 37
64.jpg 545 196 36 42
65.jpg 467 196 32 45
66.jpg 452 187 56 54
67.jpg 412 178 57 54
68.jpg 397 166 64 69
69.jpg 527 164 43 75
70.jpg 363 131 79 94
71.jpg 416 155 102 99
72.jpg 379 133 108 109
73.jpg 375 125 83 100
74.jpg 422 123 54 103
75.jpg 463 112 51 120
76.jpg 392 130 101 136
77.jpg 325 128 175 175
78.jpg 433 140 151 161
79.jpg 529 153 109 137
80.jpg 396 122 76 136
81.jpg 769 272 36 78
82.jpg 796 268 51 81
83.jpg 748 230 93 101
84.jpg 686 270 122 113
85.jpg 680 279 141 120
86.jpg 585 304 123 110
87.jpg 464 268 126 125
88.jpg 565 296 71 67
89.jpg 593 270 80 68
90.jpg 553 259 77 74
91.jpg 614 273 68 63
92.jpg 567 326 37 45
93.jpg 550 322 38 52
94.jpg 531 347 23 47
95.jpg 608 291 29 34
96.jpg 600 325 30 31
97.jpg 597 387 31 30
98.jpg 590 373 39 35
99.jpg 551 344 34 30
100.jpg 528 347 34 32
101.jpg 492 216 63 132
102.jpg 495 170 94 132
103.jpg 521 170 135 146
104.jpg 593 154 166 151
105.jpg 615 161 155 140
106.jpg 740 190 63 131
107.jpg 642 204 75 89
108.jpg 774 171 106 101
109.jpg 592 132 106 94
110.jpg 567 127 94 94
111.jpg 622 129 76 95
112.jpg 623 132 47 110
113.jpg 556 147 53 61
114.jpg 547 197 52 56
115.jpg 555 185 58 56
116.jpg 658 203 53 50
117.jpg 676 202 42 39
118.jpg 749 200 31 30
119.jpg 705 207 30 28
120.jpg 796 190 34 30
122.jpg 463 218 30 29
123.jpg 467 251 31 31
124.jpg 436 215 35 34
125.jpg 356 233 37 35
126.jpg 437 217 39 38
127.jpg 402 198 44 42
128.jpg 451 225 46 44
129.jpg 441 173 67 64
130.jpg 342 130 75 72
131.jpg 378 157 78 76
132.jpg 397 166 79 82
133.jpg 396 163 71 91
134.jpg 409 181 49 98
135.jpg 415 162 87 117
136.jpg 396 89 120 120
137.jpg 404 85 161 159
138.jpg 588 123 83 115
139.jpg 462 139 82 120
121.jpg 439 214 32 30
140.jpg 288 181 73 83
141.jpg 455 102 69 101
142.jpg 513 148 30 82
143.jpg 470 116 81 105
144.jpg 356 111 129 133
145.jpg 466 128 118 128
146.jpg 486 137 76 107
147.jpg 494 112 68 79
148.jpg 355 162 82 83
149.jpg 433 199 70 71
150.jpg 343 166 69 69
151.jpg 360 169 36 51
152.jpg 447 181 30 51
153.jpg 483 187 32 39
154.jpg 442 202 40 44
155.jpg 366 178 50 48
156.jpg 506 157 43 47
157.jpg 427 169 36 38
158.jpg 444 159 39 39
159.jpg 448 143 40 39
160.jpg 485 207 32 28
161.jpg 571 187 34 32
162.jpg 598 223 31 30
163.jpg 469 243 33 32
164.jpg 500 270 29 28
165.jpg 464 238 31 33
166.jpg 521 227 45 45
167.jpg 566 189 50 47
168.jpg 528 170 52 51
169.jpg 463 205 62 64
170.jpg 602 229 56 54
171.jpg 461 172 61 61
172.jpg 525 130 70 84
173.jpg 380 178 59 85
174.jpg 464 238 50 85
175.jpg 491 201 45 114
176.jpg 452 118 97 156
177.jpg 449 122 153 159
178.jpg 455 81 169 162
179.jpg 450 136 150 158
180.jpg 490 149 78 157
181.jpg 416 134 111 140
182.jpg 264 190 151 141
183.jpg 201 172 142 136
184.jpg 323 174 60 92
185.jpg 345 145 70 107
186.jpg 340 210 30 81
187.jpg 362 215 72 85
188.jpg 444 116 81 84
189.jpg 399 99 82 81
190.jpg 397 136 69 75
191.jpg 393 127 67 81
192.jpg 447 147 56 62
193.jpg 425 122 57 60
194.jpg 279 83 62 61
195.jpg 429 178 58 56
196.jpg 456 138 48 49
197.jpg 447 193 36 35
198.jpg 432 184 36 34
199.jpg 344 136 35 35
200.jpg 508 236 28 26
