1.jpg 216 334 89 104
2.jpg 237 346 88 100
3.jpg 236 357 77 97
4.jpg 258 347 61 94
5.jpg 231 332 50 104
6.jpg 244 373 30 97
7.jpg 293 411 35 61
8.jpg 257 352 38 57
9.jpg 232 346 56 70
10.jpg 217 340 49 61
11.jpg 249 369 61 70
12.jpg 278 341 65 74
13.jpg 247 358 48 54
14.jpg 273 338 35 45
15.jpg 245 367 35 43
16.jpg 297 388 35 48
17.jpg 269 386 23 31
18.jpg 292 376 25 32
19.jpg 284 384 27 35
20.jpg 301 378 35 41
21.jpg 361 422 76 93
22.jpg 358 402 90 100
23.jpg 309 409 95 105
24.jpg 279 407 111 126
25.jpg 317 350 97 130
26.jpg 327 410 92 136
27.jpg 308 452 48 55
28.jpg 308 432 54 61
29.jpg 342 411 52 59
30.jpg 317 395 51 61
31.jpg 393 423 50 57
32.jpg 387 428 50 57
33.jpg 356 383 11 23
33.jpg 344 375 32 38
34.jpg 370 385 34 39
35.jpg 367 396 36 40
36.jpg 343 423 34 39
37.jpg 297 458 19 20
37.jpg 290 454 29 32
38.jpg 310 420 30 36
39.jpg 309 404 32 35
40.jpg 290 377 26 31
41.jpg 231 393 75 84
42.jpg 166 364 91 102
43.jpg 207 405 85 95
44.jpg 0 122 327 356
44.jpg 226 376 79 92
45.jpg 192 391 72 89
46.jpg 289 411 63 90
47.jpg 287 392 37 51
48.jpg 310 381 43 52
49.jpg 292 400 44 51
50.jpg 304 389 46 54
51.jpg 277 380 48 55
52.jpg 290 386 45 52
53.jpg 283 443 28 32
54.jpg 301 420 29 32
55.jpg 294 410 31 35
56.jpg 346 365 30 34
57.jpg 357 373 26 31
58.jpg 311 391 25 29
59.jpg 313 392 26 30
60.jpg 238 406 30 29
61.jpg 413 352 74 130
62.jpg 334 351 87 117
63.jpg 326 359 111 127
64.jpg 272 334 120 136
65.jpg 270 322 122 140
66.jpg 268 360 119 140
67.jpg 343 373 69 78
68.jpg 360 403 72 79
69.jpg 320 382 69 78
70.jpg 321 386 66 80
71.jpg 313 370 60 79
72.jpg 361 396 53 76
73.jpg 322 372 34 44
74.jpg 313 348 36 46
75.jpg 319 363 36 43
76.jpg 353 351 39 44
77.jpg 308 422 31 35
78.jpg 376 416 28 30
79.jpg 339 373 28 33
80.jpg 355 408 27 35
81.jpg 343 368 94 108
82.jpg 354 347 95 108
83.jpg 191 345 99 112
84.jpg 258 302 94 114
85.jpg 177 342 94 116
86.jpg 228 359 80 110
87.jpg 253 378 47 72
88.jpg 293 401 48 70
89.jpg 299 401 53 70
90.jpg 260 398 57 70
91.jpg 283 385 52 60
92.jpg 336 352 54 61
93.jpg 271 430 35 39
94.jpg 278 401 34 40
95.jpg 312 353 32 38
96.jpg 288 364 37 49
97.jpg 323 389 26 33
98.jpg 318 431 26 33
99.jpg 289 383 28 32
100.jpg 260 432 28 34
101.jpg 357 451 92 106
102.jpg 342 400 94 106
103.jpg 319 437 97 112
104.jpg 302 443 98 112
105.jpg 307 371 333 275
105.jpg 311 410 102 114
106.jpg 317 459 99 117
107.jpg 348 437 59 68
108.jpg 317 439 57 66
109.jpg 358 428 60 70
110.jpg 319 412 58 68
111.jpg 319 394 58 69
112.jpg 373 379 63 73
113.jpg 305 460 37 42
114.jpg 323 365 33 39
115.jpg 296 409 41 45
116.jpg 309 381 44 46
117.jpg 269 448 25 29
118.jpg 349 436 33 34
119.jpg 338 410 26 30
120.jpg 345 362 31 37
121.jpg 269 341 102 114
122.jpg 142 350 108 118
123.jpg 154 342 98 119
124.jpg 163 341 89 126
125.jpg 186 354 71 116
126.jpg 154 324 65 124
127.jpg 194 400 38 63
128.jpg 247 411 46 71
129.jpg 250 388 45 61
130.jpg 291 376 52 70
131.jpg 293 393 55 69
132.jpg 212 422 65 68
133.jpg 275 401 41 45
134.jpg 309 426 31 38
136.jpg 340 371 29 37
137.jpg 303 466 22 27
139.jpg 331 403 30 29
140.jpg 289 454 23 28
141.jpg 400 439 78 90
142.jpg 387 430 65 76
143.jpg 313 428 69 81
144.jpg 304 418 89 98
145.jpg 330 438 95 106
146.jpg 361 514 101 114
147.jpg 370 414 62 70
148.jpg 363 422 58 65
149.jpg 384 411 51 57
150.jpg 351 434 49 55
151.jpg 366 420 55 62
152.jpg 387 426 49 55
154.jpg 375 409 36 40
155.jpg 386 395 32 36
156.jpg 394 422 32 36
157.jpg 287 463 28 32
158.jpg 361 442 23 27
159.jpg 332 463 23 27
160.jpg 293 447 25 27
161.jpg 337 351 98 124
162.jpg 350 355 104 131
163.jpg 308 404 118 122
164.jpg 0 331 640 629
164.jpg 246 386 123 131
165.jpg 226 303 137 163
166.jpg 186 308 117 148
167.jpg 327 417 84 72
167.jpg 328 397 82 91
168.jpg 354 429 83 93
169.jpg 333 432 61 68
170.jpg 341 402 76 88
171.jpg 329 334 73 82
172.jpg 341 384 69 78
173.jpg 342 374 67 79
174.jpg 348 371 59 78
175.jpg 306 381 45 66
176.jpg 365 340 48 63
177.jpg 293 358 55 69
178.jpg 292 341 57 71
179.jpg 228 376 52 57
180.jpg 0 406 640 554
180.jpg 340 363 41 47
181.jpg 404 396 39 43
182.jpg 363 355 37 44
183.jpg 300 423 27 31
184.jpg 320 406 28 32
185.jpg 271 430 28 32
186.jpg 270 375 29 34
187.jpg 319 408 33 41
188.jpg 265 379 43 48
189.jpg 373 416 34 39
190.jpg 362 429 35 38
191.jpg 298 422 34 39
192.jpg 345 422 35 39
193.jpg 255 416 34 39
194.jpg 307 454 38 43
195.jpg 311 397 41 46
196.jpg 332 405 41 45
197.jpg 342 416 41 46
198.jpg 322 394 42 49
199.jpg 388 372 48 55
200.jpg 326 402 54 67
201.jpg 331 371 61 75
202.jpg 360 397 57 70
203.jpg 339 423 72 81
204.jpg 338 406 64 72
205.jpg 296 407 75 85
206.jpg 318 325 76 91
