1.jpg 304 243 173 169
2.jpg 385 238 104 150
3.jpg 324 241 85 139
4.jpg 284 249 189 164
5.jpg 294 243 169 150
6.jpg 336 250 154 149
7.jpg 454 267 94 83
8.jpg 427 253 88 79
9.jpg 408 255 75 74
10.jpg 462 266 61 72
11.jpg 450 305 54 67
12.jpg 440 303 45 67
13.jpg 462 284 38 37
14.jpg 408 270 48 45
15.jpg 435 272 42 38
16.jpg 490 270 43 39
17.jpg 478 293 34 30
18.jpg 464 284 40 38
19.jpg 444 299 41 40
20.jpg 457 296 41 40
21.jpg 336 234 76 92
22.jpg 298 225 97 100
23.jpg 299 194 112 103
24.jpg 339 180 111 101
25.jpg 368 178 101 96
26.jpg 354 182 79 76
27.jpg 410 200 50 46
28.jpg 473 219 53 49
29.jpg 426 239 38 34
30.jpg 428 234 40 39
31.jpg 401 189 33 35
32.jpg 381 227 31 35
33.jpg 466 249 24 22
33.jpg 467 247 29 32
34.jpg 399 263 31 31
35.jpg 452 212 30 29
36.jpg 424 281 31 27
37.jpg 482 283 23 22
38.jpg 427 259 23 22
39.jpg 436 245 22 22
40.jpg 442 247 22 22
41.jpg 408 206 75 82
41.jpg 497 209 45 75
42.jpg 526 226 82 93
43.jpg 466 225 113 106
44.jpg 457 214 119 108
45.jpg 439 187 104 106
46.jpg 436 211 73 85
47.jpg 500 249 44 42
48.jpg 493 260 53 48
49.jpg 481 254 55 50
50.jpg 505 247 48 43
51.jpg 496 255 54 51
52.jpg 509 248 42 41
53.jpg 487 276 27 25
54.jpg 507 260 29 26
55.jpg 462 256 29 27
56.jpg 460 254 29 26
57.jpg 447 270 23 22
58.jpg 494 269 24 22
59.jpg 448 265 23 21
60.jpg 424 236 22 21
61.jpg 482 282 13 22
61.jpg 469 280 26 26
62.jpg 460 276 22 20
63.jpg 605 293 50 42
63.jpg 497 290 27 28
64.jpg 511 298 23 29
65.jpg 463 261 24 23
66.jpg 450 256 26 24
67.jpg 462 285 26 24
68.jpg 467 275 25 23
69.jpg 385 257 34 30
70.jpg 438 277 37 35
71.jpg 475 300 35 31
72.jpg 510 275 31 31
73.jpg 479 287 58 48
73.jpg 507 284 25 28
74.jpg 435 251 35 44
75.jpg 457 240 36 41
76.jpg 476 235 41 41
76.jpg 473 231 48 41
77.jpg 445 254 42 40
78.jpg 459 239 43 39
79.jpg 477 246 76 67
80.jpg 498 211 93 89
81.jpg 444 258 84 79
82.jpg 413 256 64 79
83.jpg 478 226 46 68
84.jpg 440 243 34 74
85.jpg 392 211 85 82
86.jpg 496 230 94 82
87.jpg 407 208 96 91
88.jpg 326 224 89 92
89.jpg 320 230 71 90
90.jpg 405 197 44 79
91.jpg 363 219 39 62
92.jpg 442 211 51 66
93.jpg 412 201 64 68
94.jpg 446 206 71 68
95.jpg 449 219 71 64
96.jpg 390 223 67 60
97.jpg 413 273 51 45
98.jpg 435 267 42 38
99.jpg 473 236 46 45
100.jpg 395 240 44 45
101.jpg 403 259 28 30
102.jpg 469 231 29 29
103.jpg 416 208 31 31
104.jpg 418 189 31 29
105.jpg 491 228 25 24
106.jpg 487 200 25 25
107.jpg 513 203 24 24
108.jpg 539 245 23 24
109.jpg 582 242 41 46
110.jpg 495 238 56 59
111.jpg 477 251 61 61
112.jpg 432 229 70 64
113.jpg 428 225 72 65
114.jpg 419 245 69 62
115.jpg 452 211 39 37
116.jpg 482 232 40 35
117.jpg 506 238 41 37
118.jpg 482 237 41 36
119.jpg 511 241 39 36
120.jpg 508 244 35 35
121.jpg 524 281 18 24
121.jpg 514 282 26 24
122.jpg 509 266 29 26
123.jpg 556 240 30 27
124.jpg 475 286 29 26
125.jpg 519 268 25 22
126.jpg 431 277 24 22
127.jpg 496 287 25 22
128.jpg 424 282 24 21
129.jpg 531 259 98 99
130.jpg 483 234 122 109
131.jpg 455 221 127 112
132.jpg 441 235 118 110
133.jpg 463 212 104 110
134.jpg 417 222 77 104
135.jpg 466 278 75 73
136.jpg 435 245 76 71
137.jpg 464 254 80 71
138.jpg 556 272 82 70
139.jpg 546 274 64 57
140.jpg 461 299 69 66
141.jpg 519 295 34 32
142.jpg 537 253 36 33
143.jpg 549 230 44 39
144.jpg 574 233 43 37
145.jpg 539 279 28 25
146.jpg 470 259 28 25
147.jpg 474 247 28 25
148.jpg 516 262 28 25
149.jpg 455 279 17 16
150.jpg 519 291 43 19
150.jpg 545 293 17 16
151.jpg 555 267 18 17
152.jpg 507 250 16 14
153.jpg 532 275 21 18
154.jpg 476 252 22 18
155.jpg 518 248 19 17
156.jpg 518 223 23 25
157.jpg 512 243 27 20
157.jpg 512 243 27 20
157.jpg 508 241 32 33
158.jpg 494 263 33 31
159.jpg 493 249 33 29
160.jpg 559 243 32 28
161.jpg 501 257 32 28
162.jpg 509 227 32 30
163.jpg 397 250 33 29
164.jpg 490 276 46 42
165.jpg 439 266 46 42
166.jpg 478 276 51 44
167.jpg 512 240 51 46
168.jpg 548 235 51 50
169.jpg 456 247 45 52
170.jpg 494 255 23 21
171.jpg 512 244 25 22
172.jpg 529 241 15 23
172.jpg 517 242 24 24
173.jpg 483 240 21 20
174.jpg 439 238 29 28
175.jpg 375 276 33 30
176.jpg 472 237 33 31
177.jpg 413 247 34 30
178.jpg 506 229 41 38
179.jpg 482 259 52 45
180.jpg 482 242 46 43
181.jpg 453 207 45 44
182.jpg 395 178 47 47
183.jpg 506 232 44 44
184.jpg 387 199 51 102
185.jpg 348 206 79 109
186.jpg 310 188 107 116
187.jpg 396 193 141 129
188.jpg 436 174 139 125
189.jpg 508 186 124 124
190.jpg 441 231 122 133
191.jpg 306 190 164 155
192.jpg 259 196 166 152
193.jpg 222 251 101 133
194.jpg 301 217 68 120
195.jpg 363 235 25 61
195.jpg 209 227 189 97
195.jpg 358 234 35 116
196.jpg 434 272 24 43
197.jpg 378 245 34 48
198.jpg 402 240 50 61
199.jpg 393 252 61 65
200.jpg 457 240 71 67
201.jpg 431 257 76 66
202.jpg 507 272 32 29
203.jpg 500 242 33 31
204.jpg 505 239 33 30
205.jpg 494 262 31 30
206.jpg 487 252 26 31
207.jpg 451 266 28 28
208.jpg 485 275 24 23
209.jpg 429 219 26 25
