1.jpg 580 312 37 124
2.jpg 502 314 83 117
3.jpg 498 293 134 128
4.jpg 465 286 141 128
5.jpg 510 291 121 132
6.jpg 582 258 87 135
7.jpg 596 290 64 130
8.jpg 420 325 77 73
9.jpg 476 304 75 69
10.jpg 482 310 75 70
11.jpg 471 310 68 62
12.jpg 466 335 61 61
13.jpg 487 365 52 60
14.jpg 487 333 41 59
15.jpg 509 343 44 43
16.jpg 509 321 45 41
17.jpg 469 361 40 39
18.jpg 496 335 35 33
19.jpg 476 344 35 32
20.jpg 439 328 34 31
21.jpg 469 232 33 30
22.jpg 452 252 19 19
23.jpg 516 240 32 32
24.jpg 503 240 34 34
25.jpg 489 255 44 40
26.jpg 373 213 49 46
27.jpg 455 225 51 51
28.jpg 453 229 50 59
29.jpg 434 214 54 64
30.jpg 412 196 67 70
31.jpg 414 201 79 74
32.jpg 467 190 92 88
33.jpg 442 182 88 92
34.jpg 463 192 79 95
35.jpg 401 195 75 104
36.jpg 384 198 83 134
37.jpg 388 165 106 144
38.jpg 179 180 175 158
39.jpg 182 171 150 148
40.jpg 378 155 68 132
41.jpg 428 245 39 36
42.jpg 483 219 40 37
43.jpg 500 213 39 38
44.jpg 549 231 48 37
45.jpg 511 230 39 42
46.jpg 515 215 51 46
47.jpg 531 210 55 53
48.jpg 532 184 67 65
49.jpg 342 187 82 77
52.jpg 401 156 46 97
53.jpg 365 135 88 116
54.jpg 353 135 114 131
55.jpg 423 105 153 153
56.jpg 432 104 146 152
57.jpg 415 112 115 156
58.jpg 320 176 158 168
59.jpg 336 169 122 159
61.jpg 505 234 35 127
62.jpg 567 152 65 134
63.jpg 460 173 93 145
64.jpg 434 171 166 155
65.jpg 406 138 171 169
66.jpg 395 154 93 154
67.jpg 505 175 74 98
68.jpg 502 165 100 99
69.jpg 544 158 103 98
70.jpg 531 162 85 90
71.jpg 435 184 62 76
72.jpg 496 176 49 69
73.jpg 460 181 46 49
74.jpg 508 183 46 47
75.jpg 486 192 51 48
76.jpg 392 157 47 45
77.jpg 489 192 42 41
78.jpg 599 175 44 41
79.jpg 458 171 40 38
80.jpg 608 196 34 37
81.jpg 435 149 74 127
82.jpg 303 112 145 185
83.jpg 131 123 317 292
84.jpg 384 120 90 121
85.jpg 407 176 70 94
86.jpg 390 154 44 102
88.jpg 441 128 40 45
89.jpg 387 131 97 94
90.jpg 406 167 86 76
91.jpg 402 145 67 82
92.jpg 309 130 60 85
93.jpg 447 175 38 52
94.jpg 458 177 54 52
95.jpg 448 172 61 55
96.jpg 470 251 43 46
97.jpg 436 207 35 36
98.jpg 425 193 40 39
99.jpg 434 213 41 37
100.jpg 460 206 44 39
101.jpg 548 348 32 28
102.jpg 561 352 32 28
103.jpg 480 303 33 31
104.jpg 529 340 40 35
105.jpg 524 331 40 35
106.jpg 556 282 36 32
108.jpg 610 290 52 46
109.jpg 561 289 59 50
110.jpg 519 278 52 50
111.jpg 566 316 59 62
112.jpg 610 276 91 79
113.jpg 644 307 92 81
114.jpg 599 287 63 65
115.jpg 477 287 34 34
116.jpg 704 290 52 54
117.jpg 830 276 130 129
118.jpg 694 320 179 151
119.jpg 586 333 159 154
120.jpg 426 255 126 160
121.jpg 372 150 120 123
122.jpg 338 188 119 108
123.jpg 339 172 113 111
124.jpg 345 156 87 100
125.jpg 434 153 65 95
126.jpg 415 144 63 98
127.jpg 481 176 54 69
128.jpg 443 146 70 72
129.jpg 366 201 76 71
130.jpg 356 213 75 68
131.jpg 421 184 81 76
132.jpg 330 208 79 78
133.jpg 376 208 57 52
134.jpg 400 182 56 52
135.jpg 433 221 51 50
136.jpg 532 207 51 50
137.jpg 467 158 34 32
138.jpg 508 214 35 32
139.jpg 428 225 35 31
140.jpg 411 195 32 29
141.jpg 485 231 34 32
142.jpg 418 225 33 31
143.jpg 421 216 39 37
144.jpg 423 181 45 44
145.jpg 655 157 47 44
146.jpg 416 161 52 49
147.jpg 441 125 56 53
148.jpg 433 137 47 53
149.jpg 386 85 39 59
150.jpg 530 115 58 68
151.jpg 463 141 74 72
152.jpg 400 133 75 69
153.jpg 597 109 66 71
154.jpg 530 111 52 72
155.jpg 348 161 90 119
156.jpg 385 138 130 137
157.jpg 295 121 165 153
158.jpg 236 139 150 147
159.jpg 458 145 66 90
161.jpg 552 208 48 100
162.jpg 464 159 77 102
163.jpg 450 195 107 109
164.jpg 460 202 114 114
165.jpg 512 197 111 114
166.jpg 527 271 84 115
167.jpg 508 248 85 80
168.jpg 489 176 82 79
169.jpg 493 165 85 81
170.jpg 483 194 72 77
171.jpg 561 216 47 63
172.jpg 566 340 43 60
173.jpg 515 206 61 53
174.jpg 506 164 62 56
175.jpg 426 171 47 47
176.jpg 505 146 51 39
177.jpg 548 164 38 41
178.jpg 514 140 42 36
179.jpg 572 194 34 33
181.jpg 537 215 36 32
182.jpg 494 200 32 42
183.jpg 474 158 35 32
184.jpg 495 215 39 36
185.jpg 442 191 41 44
186.jpg 517 218 59 55
187.jpg 500 171 62 58
188.jpg 543 222 62 61
189.jpg 512 204 73 82
190.jpg 550 135 99 94
191.jpg 525 125 111 103
192.jpg 521 147 113 105
193.jpg 596 107 97 111
194.jpg 522 148 49 100
196.jpg 565 113 63 139
197.jpg 478 147 124 161
198.jpg 490 132 207 218
199.jpg 423 164 240 228
200.jpg 383 159 71 158
