1.jpg 280 378 28 33
2.jpg 338 369 27 33
3.jpg 324 347 18 23
3.jpg 319 342 27 33
4.jpg 355 359 28 36
5.jpg 326 341 32 43
6.jpg 249 315 38 46
7.jpg 281 321 40 46
8.jpg 287 335 40 46
9.jpg 293 352 51 60
10.jpg 260 389 55 61
11.jpg 288 393 54 62
12.jpg 289 333 51 63
13.jpg 264 310 48 61
14.jpg 265 358 40 57
15.jpg 251 371 47 77
16.jpg 202 394 65 91
17.jpg 264 401 81 98
18.jpg 269 389 87 99
19.jpg 274 402 86 98
20.jpg 339 357 100 116
21.jpg 272 355 111 151
22.jpg 158 390 140 155
23.jpg 152 373 145 155
24.jpg 212 361 113 144
25.jpg 266 315 57 129
26.jpg 239 383 44 123
27.jpg 302 389 32 62
28.jpg 296 378 40 67
29.jpg 255 361 61 78
30.jpg 263 375 78 86
31.jpg 297 410 72 80
32.jpg 281 370 67 68
32.jpg 280 355 69 84
33.jpg 391 376 36 73
34.jpg 354 357 38 41
35.jpg 284 350 38 50
36.jpg 376 363 37 44
37.jpg 379 426 24 35
38.jpg 271 386 26 32
39.jpg 254 417 26 29
40.jpg 283 403 26 32
41.jpg 285 353 28 31
42.jpg 223 354 18 23
42.jpg 0 271 249 220
41.jpg 281 350 35 36
42.jpg 218 350 28 34
43.jpg 267 337 26 38
44.jpg 361 349 22 36
45.jpg 265 349 21 35
46.jpg 284 314 108 48
46.jpg 284 314 108 48
46.jpg 344 352 34 55
47.jpg 0 131 640 535
47.jpg 0 131 640 535
47.jpg 261 288 38 51
48.jpg 301 293 51 55
49.jpg 235 301 67 63
50.jpg 243 334 59 71
51.jpg 235 320 50 62
52.jpg 0 262 538 242
52.jpg 352 290 45 74
53.jpg 311 310 46 79
54.jpg 187 309 32 70
55.jpg 191 325 30 108
56.jpg 209 264 78 160
57.jpg 261 285 130 204
58.jpg 199 301 174 191
59.jpg 220 325 142 166
60.jpg 261 313 105 146
61.jpg 342 414 38 118
62.jpg 306 415 96 149
63.jpg 347 371 126 161
64.jpg 262 382 159 177
65.jpg 274 381 164 203
66.jpg 272 419 95 159
67.jpg 258 338 57 78
68.jpg 327 330 66 83
69.jpg 288 326 72 90
70.jpg 352 371 70 79
71.jpg 333 366 63 76
72.jpg 332 400 54 71
73.jpg 360 402 32 45
74.jpg 314 385 35 46
75.jpg 341 372 35 46
76.jpg 363 358 39 48
77.jpg 254 371 35 41
78.jpg 234 325 34 39
79.jpg 332 322 33 40
80.jpg 343 337 33 39
81.jpg 214 347 33 39
82.jpg 359 389 25 33
83.jpg 391 366 27 34
84.jpg 447 401 29 33
85.jpg 379 365 30 37
86.jpg 483 322 38 46
87.jpg 303 398 35 43
88.jpg 282 384 33 41
89.jpg 335 390 21 28
89.jpg 330 384 32 40
90.jpg 322 360 34 56
91.jpg 289 309 41 61
92.jpg 247 328 51 69
93.jpg 250 346 58 68
94.jpg 258 359 63 78
95.jpg 319 295 65 83
96.jpg 278 373 133 164
97.jpg 344 405 135 151
98.jpg 334 387 101 134
99.jpg 318 450 76 125
100.jpg 312 390 50 113
101.jpg 315 414 30 107
102.jpg 276 444 27 35
103.jpg 343 364 30 35
104.jpg 326 352 32 37
105.jpg 418 352 32 37
106.jpg 295 337 25 32
106.jpg 290 331 36 43
107.jpg 278 366 38 45
108.jpg 264 338 40 44
109.jpg 275 361 41 45
110.jpg 330 256 69 80
111.jpg 192 272 77 90
112.jpg 209 272 71 87
113.jpg 222 297 62 85
114.jpg 141 320 55 80
115.jpg 324 355 45 70
116.jpg 266 330 28 80
117.jpg 264 320 44 97
118.jpg 267 362 62 104
119.jpg 254 343 93 122
120.jpg 182 273 154 171
120.jpg 224 313 106 124
121.jpg 189 328 114 128
122.jpg 319 358 17 23
122.jpg 310 353 32 33
123.jpg 263 378 30 38
124.jpg 279 406 18 22
124.jpg 275 400 26 33
125.jpg 169 357 28 34
126.jpg 268 382 35 42
127.jpg 297 374 33 40
128.jpg 246 350 32 42
129.jpg 313 385 30 46
130.jpg 241 393 51 62
131.jpg 230 416 44 58
132.jpg 310 385 48 45
132.jpg 308 378 51 67
133.jpg 257 334 52 62
134.jpg 264 364 55 63
135.jpg 262 303 58 67
136.jpg 186 343 104 117
137.jpg 203 313 102 118
138.jpg 159 311 99 123
139.jpg 159 296 91 131
140.jpg 178 303 69 125
141.jpg 230 296 55 134
142.jpg 263 422 93 134
143.jpg 202 441 126 142
144.jpg 160 416 149 160
145.jpg 141 402 154 171
146.jpg 117 384 115 173
147.jpg 247 396 49 131
148.jpg 249 435 36 68
149.jpg 226 402 43 68
150.jpg 222 396 53 70
151.jpg 255 373 59 68
152.jpg 329 400 58 68
153.jpg 363 455 64 67
154.jpg 252 345 43 50
155.jpg 299 366 42 49
156.jpg 250 332 41 50
157.jpg 243 321 37 55
158.jpg 343 423 25 36
159.jpg 313 445 27 36
160.jpg 302 461 19 26
160.jpg 298 455 28 38
161.jpg 368 444 32 44
162.jpg 0 123 640 837
162.jpg 310 451 30 32
163.jpg 267 425 22 24
164.jpg 0 112 458 848
164.jpg 323 412 20 34
165.jpg 325 325 115 47
165.jpg 328 395 30 33
166.jpg 326 435 27 35
167.jpg 280 425 33 40
168.jpg 262 412 37 44
169.jpg 295 417 34 39
170.jpg 317 413 48 55
171.jpg 190 401 52 60
172.jpg 254 339 44 57
173.jpg 242 389 40 56
174.jpg 272 431 30 54
175.jpg 327 430 31 54
176.jpg 235 423 43 93
177.jpg 236 409 68 120
178.jpg 222 375 114 159
179.jpg 228 380 139 155
180.jpg 252 381 112 128
181.jpg 243 343 89 142
181.jpg 213 346 103 136
182.jpg 313 350 102 140
183.jpg 280 378 145 131
183.jpg 280 378 145 131
183.jpg 319 395 32 38
184.jpg 299 427 27 34
185.jpg 335 381 29 35
186.jpg 370 376 28 37
187.jpg 357 384 34 46
188.jpg 311 389 38 50
189.jpg 238 450 41 51
190.jpg 264 352 42 53
191.jpg 258 443 53 66
192.jpg 249 391 55 66
193.jpg 216 418 52 65
194.jpg 270 397 47 62
195.jpg 257 365 44 62
196.jpg 355 397 42 67
197.jpg 167 408 56 93
198.jpg 152 367 71 107
199.jpg 241 342 90 120
200.jpg 229 360 107 131
201.jpg 201 331 114 137
202.jpg 250 369 109 129
203.jpg 215 387 106 124
204.jpg 214 374 132 140
205.jpg 208 394 126 147
206.jpg 195 374 113 150
207.jpg 246 354 91 146
208.jpg 232 379 67 129
209.jpg 261 404 49 76
210.jpg 288 382 57 80
211.jpg 281 398 66 81
212.jpg 261 390 71 82
213.jpg 294 380 77 86
214.jpg 362 378 76 85
215.jpg 331 391 46 52
216.jpg 384 373 46 54
217.jpg 345 376 44 55
218.jpg 317 412 41 52
219.jpg 292 426 28 37
220.jpg 293 438 29 35
221.jpg 276 440 30 36
222.jpg 268 435 31 37
