1.jpg 533 311 151 247
2.jpg 533 250 236 258
3.jpg 514 274 267 246
4.jpg 564 262 303 259
5.jpg 502 281 254 238
6.jpg 517 278 197 219
7.jpg 498 246 136 204
8.jpg 486 235 77 195
9.jpg 515 275 51 98
10.jpg 430 190 76 121
11.jpg 487 201 103 127
12.jpg 463 204 131 133
13.jpg 482 243 151 135
14.jpg 500 205 162 143
15.jpg 320 174 148 151
16.jpg 512 298 74 68
17.jpg 495 291 92 81
18.jpg 464 258 89 80
19.jpg 480 262 71 65
20.jpg 481 305 59 63
21.jpg 453 288 144 170
22.jpg 455 282 168 167
23.jpg 468 310 181 165
24.jpg 485 293 178 157
25.jpg 501 231 166 158
26.jpg 520 300 115 155
27.jpg 487 252 75 98
28.jpg 505 243 85 94
29.jpg 527 248 79 77
30.jpg 445 276 84 77
31.jpg 475 223 86 77
32.jpg 358 225 83 75
33.jpg 452 288 80 72
34.jpg 479 255 78 77
35.jpg 443 258 85 73
36.jpg 388 319 81 74
37.jpg 454 289 56 55
38.jpg 364 279 49 45
39.jpg 513 278 62 53
40.jpg 444 306 46 42
41.jpg 490 256 116 159
42.jpg 472 247 195 223
43.jpg 456 282 222 210
44.jpg 428 263 217 199
45.jpg 484 222 186 189
46.jpg 447 244 103 168
47.jpg 427 282 88 115
48.jpg 459 243 102 112
49.jpg 424 186 112 111
50.jpg 501 230 124 112
51.jpg 426 215 127 113
52.jpg 375 238 108 108
53.jpg 464 259 73 73
54.jpg 467 308 78 72
55.jpg 457 300 62 68
56.jpg 481 262 38 41
57.jpg 437 266 42 41
58.jpg 566 265 53 47
59.jpg 428 319 125 180
60.jpg 459 280 174 185
61.jpg 461 241 262 243
62.jpg 486 245 221 215
63.jpg 490 270 145 195
64.jpg 492 245 46 205
65.jpg 439 310 36 84
66.jpg 376 239 67 113
67.jpg 392 229 95 108
68.jpg 461 253 126 117
69.jpg 338 238 140 133
70.jpg 423 290 76 96
71.jpg 490 242 71 64
72.jpg 423 278 69 75
73.jpg 475 244 43 49
74.jpg 439 256 40 44
75.jpg 487 284 44 44
76.jpg 326 265 40 35
77.jpg 485 308 41 36
78.jpg 544 298 43 37
79.jpg 531 289 45 40
80.jpg 491 274 52 46
81.jpg 510 237 56 50
82.jpg 492 231 56 51
83.jpg 514 246 54 51
84.jpg 545 217 54 56
85.jpg 572 196 55 71
86.jpg 527 137 79 96
87.jpg 489 182 105 106
88.jpg 514 213 102 92
89.jpg 485 196 107 97
90.jpg 502 245 97 94
91.jpg 394 214 134 185
92.jpg 548 152 184 192
93.jpg 628 142 225 214
94.jpg 634 158 252 224
95.jpg 673 135 84 138
96.jpg 616 148 34 157
97.jpg 451 173 144 189
98.jpg 554 162 159 147
99.jpg 555 201 112 122
100.jpg 538 202 75 114
101.jpg 552 192 38 112
102.jpg 459 232 22 62
103.jpg 572 163 31 92
104.jpg 547 171 65 92
105.jpg 528 196 84 92
106.jpg 568 196 112 97
107.jpg 553 208 66 79
108.jpg 570 199 52 70
109.jpg 435 198 51 55
110.jpg 485 237 63 58
111.jpg 410 221 49 46
112.jpg 462 192 41 44
113.jpg 527 250 37 35
114.jpg 535 200 37 35
115.jpg 645 239 38 33
116.jpg 528 233 36 34
117.jpg 541 207 52 151
118.jpg 517 174 127 143
119.jpg 435 205 146 133
120.jpg 504 189 112 103
120.jpg 493 175 137 128
121.jpg 523 237 97 103
122.jpg 518 208 91 126
123.jpg 512 207 69 78
124.jpg 479 214 73 70
125.jpg 450 221 76 69
126.jpg 526 230 70 69
127.jpg 549 208 54 69
128.jpg 523 227 29 68
129.jpg 540 229 32 49
130.jpg 472 191 49 49
131.jpg 475 204 48 46
132.jpg 551 217 52 46
133.jpg 523 216 50 45
134.jpg 501 231 47 44
135.jpg 516 213 42 38
136.jpg 465 228 39 36
137.jpg 543 164 34 115
138.jpg 503 213 89 123
139.jpg 503 168 138 124
140.jpg 452 172 156 150
141.jpg 480 177 125 143
142.jpg 450 184 112 142
143.jpg 472 209 78 72
144.jpg 543 181 81 72
145.jpg 512 152 75 70
146.jpg 598 143 72 70
147.jpg 506 207 54 64
148.jpg 408 201 57 54
149.jpg 483 185 56 51
150.jpg 554 189 56 50
151.jpg 561 210 49 44
152.jpg 542 198 46 41
153.jpg 509 191 42 38
154.jpg 556 153 39 36
155.jpg 514 259 36 32
156.jpg 533 219 35 31
157.jpg 394 222 85 115
158.jpg 451 199 108 122
159.jpg 518 190 112 107
160.jpg 462 176 154 142
161.jpg 494 193 107 121
162.jpg 557 181 59 106
163.jpg 514 215 54 67
164.jpg 442 158 69 75
165.jpg 541 162 84 80
166.jpg 522 161 87 83
167.jpg 502 136 74 80
168.jpg 475 172 58 70
169.jpg 473 194 36 47
170.jpg 580 158 41 48
171.jpg 479 179 47 49
172.jpg 401 181 52 48
173.jpg 573 209 42 39
174.jpg 485 369 39 35
175.jpg 487 237 42 38
176.jpg 528 205 41 39
177.jpg 540 219 61 149
178.jpg 516 156 131 162
179.jpg 511 121 167 162
181.jpg 394 146 182 214
182.jpg 528 136 136 284
183.jpg 505 189 109 101
184.jpg 526 166 96 87
185.jpg 521 109 85 81
186.jpg 409 159 63 70
187.jpg 424 229 55 66
188.jpg 459 192 47 54
189.jpg 485 181 52 53
190.jpg 578 189 56 50
191.jpg 612 174 60 53
192.jpg 633 207 53 54
193.jpg 551 222 44 43
194.jpg 570 152 44 42
195.jpg 600 205 37 29
196.jpg 362 217 47 43
197.jpg 549 165 69 162
198.jpg 586 114 153 160
199.jpg 562 153 159 142
200.jpg 535 166 111 143
201.jpg 557 136 101 99
202.jpg 538 114 78 75
203.jpg 629 111 78 69
204.jpg 585 143 68 61
205.jpg 549 134 58 55
206.jpg 459 123 52 49
