1.jpg 391 127 198 184
2.jpg 359 134 194 185
3.jpg 365 146 155 157
4.jpg 410 145 107 143
5.jpg 532 177 74 136
6.jpg 407 208 48 61
7.jpg 402 209 54 65
8.jpg 455 166 64 73
9.jpg 502 177 72 68
10.jpg 524 185 75 66
11.jpg 447 144 38 35
12.jpg 491 153 37 35
13.jpg 553 151 35 35
14.jpg 596 196 34 34
15.jpg 542 178 32 33
16.jpg 435 205 23 21
17.jpg 482 177 24 23
18.jpg 490 164 28 25
19.jpg 473 203 25 23
20.jpg 346 153 216 163
21.jpg 338 137 184 151
22.jpg 325 146 136 126
23.jpg 342 140 92 110
24.jpg 432 158 71 105
25.jpg 394 201 51 58
26.jpg 447 203 62 62
27.jpg 515 192 68 62
28.jpg 456 197 71 60
29.jpg 448 225 52 42
30.jpg 484 202 48 40
31.jpg 400 240 45 40
32.jpg 451 224 44 41
33.jpg 464 240 39 41
34.jpg 516 204 28 24
35.jpg 482 236 27 23
36.jpg 529 221 27 25
37.jpg 553 204 27 24
38.jpg 577 178 27 25
39.jpg 463 220 21 20
40.jpg 457 235 24 21
41.jpg 482 221 22 23
42.jpg 485 221 24 23
43.jpg 358 187 190 150
44.jpg 370 197 176 140
45.jpg 373 197 158 133
46.jpg 434 206 129 120
47.jpg 434 175 102 143
48.jpg 327 158 65 77
49.jpg 497 154 66 74
50.jpg 449 145 83 78
51.jpg 432 199 96 79
52.jpg 468 171 104 82
53.jpg 415 173 102 84
54.jpg 515 229 56 43
55.jpg 464 212 57 46
56.jpg 473 212 57 47
57.jpg 408 193 56 48
58.jpg 505 213 51 48
59.jpg 475 242 36 31
60.jpg 461 193 38 35
61.jpg 490 186 41 34
62.jpg 410 169 43 38
63.jpg 491 280 28 26
64.jpg 465 242 26 24
65.jpg 502 250 27 23
66.jpg 415 215 147 123
67.jpg 391 195 156 130
68.jpg 297 172 142 132
69.jpg 515 199 79 63
70.jpg 509 164 82 65
71.jpg 513 169 79 66
72.jpg 555 159 73 61
73.jpg 452 195 43 40
74.jpg 372 209 44 39
75.jpg 437 192 45 39
76.jpg 402 203 45 39
77.jpg 464 197 46 37
78.jpg 548 158 47 41
79.jpg 444 208 30 26
80.jpg 475 213 31 25
81.jpg 437 210 30 30
82.jpg 421 260 34 28
83.jpg 354 228 214 176
84.jpg 392 193 216 183
85.jpg 381 187 172 157
86.jpg 462 230 131 142
87.jpg 467 207 79 126
88.jpg 420 211 88 87
89.jpg 471 202 99 89
90.jpg 534 205 104 89
91.jpg 457 231 102 82
92.jpg 433 227 55 46
93.jpg 406 228 56 49
94.jpg 426 204 53 50
95.jpg 462 196 51 48
96.jpg 574 205 51 50
97.jpg 512 206 39 38
98.jpg 565 155 45 40
99.jpg 483 182 47 40
100.jpg 501 195 48 41
101.jpg 458 276 36 29
102.jpg 494 248 36 29
103.jpg 334 197 211 179
104.jpg 339 196 182 158
105.jpg 347 218 140 137
106.jpg 271 229 128 143
107.jpg 524 253 75 116
108.jpg 434 196 69 70
109.jpg 423 198 77 78
110.jpg 465 181 87 82
111.jpg 446 186 86 83
112.jpg 465 210 50 47
113.jpg 454 246 47 42
114.jpg 431 242 48 40
115.jpg 452 240 45 42
116.jpg 519 230 41 42
117.jpg 455 259 37 31
118.jpg 503 204 35 32
119.jpg 467 200 36 34
120.jpg 523 248 27 23
121.jpg 517 234 28 22
122.jpg 516 235 26 22
123.jpg 390 161 234 199
124.jpg 355 148 206 166
125.jpg 362 148 147 133
126.jpg 374 190 109 114
127.jpg 431 201 65 93
128.jpg 429 219 35 51
129.jpg 548 178 46 54
130.jpg 477 170 51 54
131.jpg 507 194 56 60
132.jpg 510 181 62 55
133.jpg 413 256 33 28
134.jpg 456 203 34 29
135.jpg 537 235 34 32
136.jpg 435 238 30 29
137.jpg 600 207 31 31
138.jpg 496 218 25 23
139.jpg 533 186 24 22
140.jpg 525 207 25 22
141.jpg 485 210 22 22
142.jpg 486 181 21 23
142.jpg 486 182 21 22
143.jpg 573 244 24 21
144.jpg 459 165 146 123
145.jpg 447 134 146 121
146.jpg 457 158 108 116
147.jpg 479 191 64 97
148.jpg 471 173 48 74
149.jpg 499 174 61 63
150.jpg 549 173 68 62
151.jpg 533 155 75 64
152.jpg 543 182 77 62
153.jpg 508 232 43 36
154.jpg 530 230 46 37
155.jpg 596 219 44 34
156.jpg 635 223 46 39
157.jpg 594 246 35 32
158.jpg 485 213 28 25
159.jpg 506 203 26 25
160.jpg 546 218 31 28
161.jpg 587 186 32 28
162.jpg 408 239 168 137
163.jpg 389 265 161 128
164.jpg 415 234 122 110
165.jpg 396 211 104 110
166.jpg 356 276 68 105
167.jpg 231 243 90 108
168.jpg 372 225 95 83
169.jpg 482 188 103 86
170.jpg 523 191 101 81
171.jpg 476 261 55 43
172.jpg 465 242 55 46
173.jpg 420 246 56 47
174.jpg 482 221 61 52
175.jpg 413 231 37 31
176.jpg 539 172 37 33
177.jpg 547 195 37 33
178.jpg 587 201 39 32
179.jpg 712 205 41 32
180.jpg 458 223 26 24
181.jpg 481 252 30 23
182.jpg 512 164 219 176
183.jpg 463 186 208 171
184.jpg 394 202 166 150
185.jpg 392 178 124 136
186.jpg 368 187 73 120
187.jpg 521 202 34 69
188.jpg 478 161 53 74
189.jpg 503 155 75 78
190.jpg 537 146 102 90
191.jpg 543 146 117 95
192.jpg 477 240 64 53
193.jpg 424 231 61 52
194.jpg 467 236 57 51
195.jpg 381 216 50 52
196.jpg 442 224 43 53
197.jpg 448 212 33 54
198.jpg 444 218 30 37
199.jpg 528 198 31 38
200.jpg 580 167 39 42
201.jpg 473 183 47 45
202.jpg 484 200 48 45
203.jpg 551 180 51 44
204.jpg 501 208 41 36
