1.jpg 353 197 79 240
2.jpg 542 229 35 31
3.jpg 513 169 32 27
4.jpg 546 214 29 26
5.jpg 556 203 28 27
6.jpg 576 212 29 26
7.jpg 522 196 25 27
8.jpg 481 175 27 25
9.jpg 490 181 21 23
10.jpg 272 126 242 212
11.jpg 325 171 262 229
12.jpg 381 214 155 249
13.jpg 272 149 183 194
14.jpg 469 156 68 170
15.jpg 381 202 95 116
16.jpg 365 126 122 126
17.jpg 324 137 133 103
18.jpg 385 187 120 114
19.jpg 456 203 52 42
20.jpg 498 169 61 57
21.jpg 433 138 59 58
22.jpg 411 151 59 63
23.jpg 395 258 219 257
24.jpg 449 194 36 37
25.jpg 454 145 39 35
26.jpg 449 152 41 36
27.jpg 423 244 51 43
28.jpg 472 189 28 24
29.jpg 489 192 40 26
30.jpg 414 143 34 33
31.jpg 468 196 26 23
32.jpg 413 192 23 21
33.jpg 436 206 23 21
34.jpg 353 229 261 287
35.jpg 460 182 21 23
36.jpg 450 207 23 22
37.jpg 454 169 21 16
38.jpg 602 119 118 218
39.jpg 471 101 245 253
40.jpg 500 131 198 211
41.jpg 446 111 225 204
42.jpg 497 100 225 203
43.jpg 485 155 141 130
44.jpg 480 214 91 90
45.jpg 385 274 234 273
46.jpg 538 196 100 89
47.jpg 527 186 90 87
48.jpg 579 148 81 90
49.jpg 548 167 56 86
50.jpg 515 212 34 44
52.jpg 527 193 45 40
53.jpg 529 198 59 53
54.jpg 528 208 41 40
55.jpg 505 181 51 43
56.jpg 343 253 148 250
57.jpg 461 215 33 27
58.jpg 472 185 32 27
59.jpg 551 204 36 37
60.jpg 496 209 28 27
61.jpg 620 188 24 20
62.jpg 582 263 29 27
63.jpg 565 202 31 28
64.jpg 473 185 32 30
65.jpg 515 145 73 146
66.jpg 494 66 173 215
67.jpg 376 248 94 130
68.jpg 547 178 217 187
69.jpg 386 122 240 220
70.jpg 430 172 122 121
71.jpg 443 116 130 127
72.jpg 552 135 122 112
73.jpg 541 98 103 114
74.jpg 583 130 97 120
75.jpg 622 149 59 91
76.jpg 574 188 42 59
77.jpg 535 157 49 63
78.jpg 397 249 114 137
79.jpg 534 144 50 63
80.jpg 492 162 63 62
81.jpg 508 130 66 63
82.jpg 535 160 67 61
83.jpg 565 225 38 34
84.jpg 582 134 39 35
85.jpg 611 130 29 25
86.jpg 544 146 26 25
87.jpg 544 197 22 25
88.jpg 500 221 19 17
89.jpg 382 237 117 132
90.jpg 498 248 17 14
91.jpg 570 219 23 18
92.jpg 596 173 115 137
93.jpg 549 179 118 139
94.jpg 535 158 164 166
95.jpg 480 169 208 186
96.jpg 363 207 190 179
97.jpg 510 179 82 76
98.jpg 516 169 95 87
99.jpg 559 180 86 68
100.jpg 387 224 114 132
101.jpg 549 156 107 99
102.jpg 512 128 89 99
103.jpg 605 118 70 101
104.jpg 529 218 30 35
105.jpg 543 184 47 50
106.jpg 566 178 54 51
107.jpg 492 190 43 36
108.jpg 475 217 49 38
109.jpg 496 201 29 23
110.jpg 529 170 27 23
111.jpg 370 213 100 133
112.jpg 565 156 28 24
113.jpg 448 85 30 26
114.jpg 468 149 28 24
115.jpg 669 120 193 264
116.jpg 587 95 261 282
117.jpg 493 139 292 270
118.jpg 489 179 277 242
119.jpg 447 167 227 221
120.jpg 391 141 91 87
121.jpg 556 137 92 82
122.jpg 393 241 65 131
123.jpg 581 103 85 77
124.jpg 529 161 82 74
125.jpg 588 138 76 71
126.jpg 595 143 66 68
127.jpg 504 172 36 31
128.jpg 474 196 43 34
129.jpg 470 190 46 44
130.jpg 521 162 49 45
131.jpg 444 105 52 48
132.jpg 480 155 29 28
133.jpg 343 313 61 80
134.jpg 404 183 24 19
135.jpg 535 160 31 31
136.jpg 515 166 25 20
137.jpg 583 240 98 127
138.jpg 540 159 96 135
139.jpg 540 131 129 139
140.jpg 449 155 158 143
141.jpg 519 141 152 137
142.jpg 500 161 120 115
143.jpg 445 125 74 69
144.jpg 329 254 68 84
145.jpg 504 136 79 74
146.jpg 552 107 80 73
147.jpg 603 135 88 80
148.jpg 557 116 85 85
149.jpg 348 240 71 83
150.jpg 422 210 76 86
151.jpg 332 237 76 89
152.jpg 334 302 41 44
153.jpg 363 281 41 42
154.jpg 395 249 52 62
155.jpg 308 248 51 68
156.jpg 340 274 46 60
157.jpg 328 252 36 44
158.jpg 396 243 38 44
159.jpg 348 301 29 29
160.jpg 303 312 28 33
161.jpg 402 278 24 24
162.jpg 329 307 27 33
163.jpg 353 308 24 32
164.jpg 320 249 20 20
165.jpg 363 325 21 20
166.jpg 329 165 106 279
167.jpg 366 171 226 271
168.jpg 302 281 220 244
169.jpg 288 246 216 259
170.jpg 272 229 160 236
171.jpg 316 297 80 101
172.jpg 322 293 83 99
173.jpg 370 278 88 100
174.jpg 391 290 85 95
175.jpg 390 237 74 97
176.jpg 377 275 44 53
177.jpg 408 271 46 53
178.jpg 359 271 43 44
179.jpg 304 232 42 43
180.jpg 319 209 44 47
181.jpg 317 252 29 29
182.jpg 298 297 34 39
183.jpg 284 316 29 29
184.jpg 316 331 21 18
185.jpg 342 305 21 24
186.jpg 158 329 233 301
187.jpg 75 267 287 315
188.jpg 172 253 211 269
189.jpg 174 298 137 229
190.jpg 196 268 78 201
191.jpg 214 302 65 106
192.jpg 257 265 83 115
193.jpg 312 260 86 105
194.jpg 270 271 89 103
195.jpg 290 274 60 70
196.jpg 279 262 47 47
197.jpg 269 264 49 50
198.jpg 269 280 39 41
199.jpg 333 276 43 36
200.jpg 311 365 22 24
201.jpg 294 347 24 25
202.jpg 341 292 27 28
203.jpg 327 268 27 27
204.jpg 311 366 21 21
205.jpg 345 335 23 22
206.jpg 371 326 21 20
207.jpg 408 305 23 23
208.jpg 358 341 19 21
209.jpg 599 127 121 198
210.jpg 587 128 207 245
211.jpg 497 107 254 255
212.jpg 398 133 336 301
213.jpg 639 145 72 114
214.jpg 548 141 97 123
215.jpg 513 124 139 150
216.jpg 487 104 206 184
217.jpg 574 164 78 90
218.jpg 554 150 79 85
219.jpg 548 150 90 84
220.jpg 497 160 101 90
221.jpg 598 185 52 53
222.jpg 566 156 45 39
223.jpg 554 148 47 39
224.jpg 564 222 32 28
