1.jpg 364 261 65 134
1.jpg 560 224 64 152
2.jpg 543 174 118 169
3.jpg 581 179 139 162
4.jpg 557 206 126 158
5.jpg 495 246 69 88
6.jpg 564 232 75 88
7.jpg 539 198 79 95
8.jpg 559 188 77 94
9.jpg 597 188 66 97
10.jpg 557 230 47 57
11.jpg 507 208 50 59
12.jpg 521 195 55 63
13.jpg 529 200 56 62
14.jpg 405 228 34 42
15.jpg 505 189 36 43
16.jpg 459 214 34 42
17.jpg 513 212 28 33
18.jpg 475 222 25 31
19.jpg 454 219 20 22
20.jpg 499 210 19 21
21.jpg 463 281 15 18
22.jpg 454 243 15 18
23.jpg 582 202 58 140
24.jpg 610 163 106 140
25.jpg 580 186 124 144
26.jpg 596 192 130 151
27.jpg 490 201 63 75
28.jpg 540 148 66 79
29.jpg 577 109 59 78
30.jpg 573 134 55 72
31.jpg 513 227 32 40
32.jpg 504 244 32 40
33.jpg 532 216 32 39
34.jpg 517 261 24 28
35.jpg 542 221 22 28
36.jpg 533 234 24 27
37.jpg 531 211 22 27
38.jpg 507 247 16 21
39.jpg 484 271 18 19
40.jpg 288 175 123 165
41.jpg 282 141 126 156
42.jpg 309 172 110 135
43.jpg 224 171 98 127
44.jpg 272 155 77 113
45.jpg 364 206 42 58
46.jpg 417 180 44 59
47.jpg 464 177 46 61
48.jpg 470 156 49 64
49.jpg 461 187 48 60
50.jpg 473 211 26 33
51.jpg 471 199 27 33
52.jpg 531 138 27 34
53.jpg 547 179 27 32
54.jpg 568 138 26 33
55.jpg 493 159 19 23
56.jpg 458 161 40 26
57.jpg 477 153 19 23
58.jpg 471 224 18 22
59.jpg 509 218 15 17
60.jpg 458 207 14 17
61.jpg 500 208 14 16
62.jpg 554 203 15 17
63.jpg 281 163 171 216
64.jpg 294 139 141 172
65.jpg 303 186 97 131
66.jpg 337 183 68 110
67.jpg 375 171 51 100
68.jpg 396 217 33 52
69.jpg 421 201 38 53
70.jpg 432 151 41 55
71.jpg 443 195 41 52
72.jpg 462 178 40 52
73.jpg 474 243 26 33
74.jpg 458 189 26 32
75.jpg 546 204 26 32
76.jpg 531 208 26 32
77.jpg 521 249 17 22
78.jpg 488 221 18 22
79.jpg 553 174 17 23
80.jpg 529 184 17 22
81.jpg 584 181 18 23
82.jpg 607 168 63 120
83.jpg 665 176 86 130
84.jpg 595 180 106 131
85.jpg 548 166 102 125
86.jpg 539 193 95 111
87.jpg 577 186 43 54
88.jpg 580 157 39 50
89.jpg 591 167 37 49
90.jpg 591 152 35 47
91.jpg 605 155 31 43
92.jpg 538 240 20 25
93.jpg 560 201 22 26
94.jpg 592 176 24 28
95.jpg 682 175 24 29
96.jpg 620 189 23 27
97.jpg 515 187 15 18
98.jpg 554 182 16 18
99.jpg 538 180 16 19
100.jpg 514 179 16 19
101.jpg 554 168 16 20
102.jpg 363 175 96 130
103.jpg 398 159 54 30
103.jpg 367 131 114 138
104.jpg 204 87 109 141
105.jpg 428 142 52 87
106.jpg 347 179 37 56
107.jpg 362 202 47 55
108.jpg 432 161 48 57
109.jpg 439 160 47 54
110.jpg 514 249 43 51
110.jpg 514 249 43 51
111.jpg 447 208 28 34
112.jpg 466 212 25 31
113.jpg 392 189 26 34
114.jpg 431 211 20 26
115.jpg 517 161 21 27
116.jpg 482 164 22 26
117.jpg 402 164 94 116
118.jpg 333 152 100 125
119.jpg 264 166 97 122
120.jpg 291 82 71 117
121.jpg 352 119 48 109
122.jpg 393 159 35 67
123.jpg 436 126 46 67
124.jpg 495 114 50 72
125.jpg 561 138 55 71
126.jpg 531 134 63 78
127.jpg 455 188 56 70
128.jpg 476 195 28 37
129.jpg 502 174 28 36
130.jpg 578 195 30 37
131.jpg 498 142 30 36
132.jpg 486 174 29 35
133.jpg 529 212 20 25
134.jpg 461 161 21 25
135.jpg 513 212 22 26
136.jpg 538 187 23 27
137.jpg 561 168 25 27
138.jpg 459 183 22 26
139.jpg 380 190 130 157
140.jpg 346 133 137 167
141.jpg 320 142 112 141
142.jpg 211 144 92 129
143.jpg 312 146 62 118
144.jpg 446 109 46 59
145.jpg 461 101 47 60
146.jpg 445 126 45 58
147.jpg 446 118 40 58
148.jpg 515 92 33 56
149.jpg 556 136 32 52
150.jpg 424 231 21 31
151.jpg 477 144 25 33
152.jpg 434 124 22 32
153.jpg 457 150 24 32
154.jpg 467 120 26 34
155.jpg 455 135 27 35
156.jpg 421 173 22 27
157.jpg 419 151 23 28
158.jpg 452 140 21 28
159.jpg 471 145 21 28
160.jpg 468 120 19 29
161.jpg 366 195 82 106
162.jpg 410 177 87 109
163.jpg 434 138 85 107
164.jpg 373 123 84 107
165.jpg 409 145 65 99
166.jpg 405 106 47 95
167.jpg 419 153 31 63
168.jpg 462 141 41 64
169.jpg 521 177 47 67
170.jpg 543 128 58 73
171.jpg 495 151 57 70
172.jpg 492 167 56 72
173.jpg 461 162 33 42
174.jpg 484 129 34 44
175.jpg 425 101 33 44
176.jpg 396 180 33 45
177.jpg 375 123 27 48
178.jpg 479 234 20 33
179.jpg 479 198 22 31
180.jpg 475 193 25 32
181.jpg 505 184 25 32
182.jpg 482 212 27 33
183.jpg 451 190 21 27
184.jpg 411 132 20 26
185.jpg 425 121 22 27
186.jpg 465 118 19 26
187.jpg 487 143 19 26
188.jpg 571 154 43 100
189.jpg 570 136 80 100
190.jpg 554 153 85 104
191.jpg 513 155 88 110
192.jpg 491 190 94 111
193.jpg 570 242 40 58
194.jpg 575 147 48 63
195.jpg 550 151 50 63
196.jpg 516 172 56 63
197.jpg 489 138 54 65
198.jpg 576 165 56 64
199.jpg 566 220 25 34
200.jpg 563 185 26 36
201.jpg 512 118 28 38
202.jpg 312 159 33 39
203.jpg 438 181 32 37
204.jpg 556 185 21 25
205.jpg 569 168 24 26
206.jpg 441 83 24 28
207.jpg 500 200 24 27
208.jpg 563 163 20 23
209.jpg 471 121 20 24
210.jpg 470 78 21 26
211.jpg 547 143 23 27
212.jpg 538 136 15 16
213.jpg 542 182 14 16
214.jpg 545 135 14 16
215.jpg 562 165 13 16
216.jpg 418 209 15 17
217.jpg 529 177 13 16
218.jpg 455 178 15 16
219.jpg 536 102 14 16
