1.jpg 595 152 115 170
2.jpg 525 196 197 178
3.jpg 592 195 231 195
4.jpg 539 215 202 199
6.jpg 526 184 140 139
7.jpg 600 172 137 119
8.jpg 601 187 114 110
9.jpg 529 220 77 105
10.jpg 539 235 57 66
11.jpg 564 245 86 72
13.jpg 553 174 83 72
14.jpg 500 243 54 48
15.jpg 506 228 53 46
16.jpg 555 270 40 35
17.jpg 528 206 40 35
18.jpg 548 207 40 36
19.jpg 486 232 29 26
20.jpg 440 214 31 35
21.jpg 479 217 25 21
23.jpg 596 183 105 139
24.jpg 545 186 170 152
25.jpg 583 138 208 176
26.jpg 505 219 197 181
27.jpg 398 171 97 91
28.jpg 454 169 94 83
29.jpg 504 211 89 77
30.jpg 616 193 84 74
31.jpg 532 181 56 52
32.jpg 589 110 57 50
33.jpg 586 217 54 46
34.jpg 628 236 51 44
35.jpg 567 240 37 32
36.jpg 550 214 37 31
37.jpg 489 218 36 35
38.jpg 545 236 35 31
39.jpg 472 245 33 30
40.jpg 507 248 27 26
41.jpg 546 200 30 27
42.jpg 634 200 28 26
43.jpg 621 224 28 28
44.jpg 295 158 196 178
45.jpg 234 143 195 172
46.jpg 240 130 162 154
47.jpg 291 149 119 141
48.jpg 407 228 71 73
49.jpg 384 165 78 76
50.jpg 462 176 82 76
51.jpg 507 147 87 79
52.jpg 452 150 86 79
53.jpg 541 208 49 43
54.jpg 478 167 48 44
55.jpg 532 165 48 43
56.jpg 556 154 49 45
57.jpg 535 183 50 44
58.jpg 433 239 34 30
60.jpg 473 189 34 32
61.jpg 504 196 35 34
62.jpg 476 260 25 22
64.jpg 519 197 27 23
65.jpg 555 173 25 24
66.jpg 608 184 27 31
67.jpg 271 169 198 195
68.jpg 235 132 211 187
69.jpg 266 119 195 176
70.jpg 330 179 154 150
72.jpg 546 230 88 81
73.jpg 468 196 94 87
75.jpg 455 180 90 75
76.jpg 440 179 88 77
77.jpg 489 172 83 78
78.jpg 493 220 68 48
79.jpg 462 214 73 50
82.jpg 573 179 50 48
83.jpg 384 240 53 32
85.jpg 374 195 41 33
86.jpg 611 172 90 170
87.jpg 506 169 121 157
88.jpg 533 101 168 164
89.jpg 480 114 170 159
90.jpg 444 183 156 153
92.jpg 546 199 83 81
94.jpg 623 120 82 82
95.jpg 638 149 76 71
96.jpg 507 212 37 34
97.jpg 475 130 37 35
98.jpg 559 192 38 34
99.jpg 664 155 40 35
100.jpg 733 164 42 37
101.jpg 502 169 39 36
103.jpg 423 197 26 22
104.jpg 561 144 30 27
105.jpg 493 150 29 27
106.jpg 510 152 29 27
107.jpg 422 149 125 137
108.jpg 348 94 181 163
109.jpg 242 81 206 182
110.jpg 184 52 200 190
111.jpg 317 27 135 171
112.jpg 364 118 73 80
113.jpg 406 136 77 84
114.jpg 503 143 89 81
115.jpg 491 181 75 68
116.jpg 419 214 46 39
117.jpg 427 156 47 40
118.jpg 414 168 45 40
119.jpg 425 233 39 38
121.jpg 478 193 31 27
122.jpg 534 182 33 28
123.jpg 421 186 165 160
124.jpg 296 107 193 173
125.jpg 301 115 168 176
126.jpg 185 106 187 185
127.jpg 206 163 125 163
129.jpg 412 161 98 96
130.jpg 453 132 112 100
131.jpg 466 157 111 97
137.jpg 488 172 60 56
138.jpg 537 234 31 27
139.jpg 471 205 32 29
141.jpg 533 196 34 21
142.jpg 486 142 41 37
143.jpg 685 134 118 195
144.jpg 522 124 200 187
145.jpg 447 139 198 177
146.jpg 428 127 166 155
147.jpg 516 169 105 98
148.jpg 487 160 107 97
150.jpg 453 105 98 91
151.jpg 529 153 88 86
152.jpg 450 185 74 57
153.jpg 521 133 64 60
154.jpg 573 153 62 57
155.jpg 558 150 63 56
156.jpg 533 156 59 55
157.jpg 563 157 44 38
158.jpg 541 168 40 35
160.jpg 464 104 44 41
161.jpg 567 178 41 40
162.jpg 314 170 228 199
163.jpg 327 139 223 199
164.jpg 317 148 202 172
166.jpg 372 208 64 61
167.jpg 425 184 72 74
168.jpg 435 136 79 73
169.jpg 488 169 80 69
170.jpg 444 172 78 67
171.jpg 474 178 73 78
172.jpg 466 192 45 40
174.jpg 430 155 49 42
175.jpg 340 161 48 42
176.jpg 414 150 54 46
177.jpg 382 171 36 31
178.jpg 435 144 43 36
180.jpg 476 152 26 39
181.jpg 458 187 37 39
182.jpg 426 196 123 121
184.jpg 369 159 131 117
185.jpg 293 184 129 117
186.jpg 326 76 116 135
187.jpg 404 104 86 147
188.jpg 500 176 89 97
189.jpg 455 164 102 100
190.jpg 425 143 111 103
191.jpg 482 134 116 104
192.jpg 316 147 116 105
193.jpg 398 189 95 131
194.jpg 494 236 66 62
195.jpg 458 154 74 67
196.jpg 485 172 79 69
197.jpg 470 214 79 69
198.jpg 404 161 79 75
199.jpg 488 169 69 69
201.jpg 555 138 41 40
202.jpg 517 131 40 38
203.jpg 450 93 41 40
204.jpg 500 103 41 38
205.jpg 560 96 42 40
206.jpg 450 231 31 28
207.jpg 403 166 31 30
209.jpg 387 122 31 29
210.jpg 330 84 32 31
