1.jpg 357 188 119 118
2.jpg 389 238 64 114
3.jpg 344 223 121 134
4.jpg 236 221 182 166
5.jpg 188 211 232 198
6.jpg 262 198 182 185
7.jpg 363 205 130 177
8.jpg 455 256 86 85
9.jpg 412 263 95 84
10.jpg 420 241 83 77
11.jpg 377 267 76 73
12.jpg 423 280 66 69
13.jpg 456 297 62 69
14.jpg 579 248 48 46
15.jpg 487 288 47 45
16.jpg 445 289 50 46
17.jpg 416 254 52 47
18.jpg 453 253 41 37
19.jpg 431 299 41 37
20.jpg 493 304 43 39
20.jpg 493 304 43 39
21.jpg 480 299 40 41
22.jpg 503 206 55 72
23.jpg 478 206 68 74
24.jpg 458 207 78 76
25.jpg 440 201 76 69
26.jpg 448 217 73 69
27.jpg 387 207 77 80
28.jpg 520 212 35 41
29.jpg 531 238 40 41
30.jpg 523 243 44 42
31.jpg 486 228 27 33
31.jpg 482 219 48 45
32.jpg 460 231 46 42
33.jpg 463 227 49 47
34.jpg 507 255 18 22
34.jpg 505 250 30 27
35.jpg 510 253 20 23
35.jpg 503 251 28 30
36.jpg 483 261 35 28
37.jpg 486 249 37 28
38.jpg 512 262 14 17
38.jpg 510 258 24 22
39.jpg 485 265 24 25
40.jpg 455 259 26 26
41.jpg 501 270 14 18
41.jpg 499 266 24 22
42.jpg 457 201 61 81
43.jpg 467 226 73 86
44.jpg 468 230 102 96
45.jpg 493 219 113 104
46.jpg 438 216 102 103
47.jpg 428 202 82 93
48.jpg 511 256 37 39
49.jpg 535 263 44 43
50.jpg 501 250 50 45
51.jpg 462 252 51 46
52.jpg 464 246 49 48
53.jpg 454 258 46 46
54.jpg 502 274 26 23
55.jpg 479 266 27 24
56.jpg 507 246 17 20
56.jpg 506 242 27 24
57.jpg 530 236 17 20
57.jpg 528 231 28 25
58.jpg 522 252 35 32
59.jpg 469 259 36 32
60.jpg 438 242 35 32
61.jpg 447 257 21 25
61.jpg 445 252 34 32
62.jpg 482 229 82 76
63.jpg 509 247 88 79
64.jpg 507 249 93 82
65.jpg 529 257 94 86
66.jpg 509 240 80 85
67.jpg 495 216 71 87
68.jpg 440 260 41 43
69.jpg 443 243 45 45
70.jpg 472 240 50 46
71.jpg 525 241 52 46
72.jpg 486 231 51 46
73.jpg 478 248 46 43
74.jpg 436 253 24 23
74.jpg 435 243 34 33
75.jpg 518 236 36 31
76.jpg 502 257 35 32
77.jpg 490 255 35 31
78.jpg 502 262 29 26
79.jpg 482 235 28 25
80.jpg 444 252 27 25
81.jpg 422 247 26 23
82.jpg 429 274 30 30
83.jpg 415 225 22 20
83.jpg 419 220 23 21
83.jpg 413 219 31 27
84.jpg 514 255 31 26
85.jpg 517 259 29 27
86.jpg 493 263 33 31
87.jpg 541 263 35 31
88.jpg 487 258 35 32
89.jpg 468 276 38 34
90.jpg 438 239 45 42
91.jpg 431 219 49 44
92.jpg 461 233 49 45
93.jpg 458 249 46 43
94.jpg 486 273 40 41
95.jpg 497 257 36 40
96.jpg 532 205 41 55
97.jpg 456 229 49 61
98.jpg 456 232 64 66
99.jpg 415 243 71 63
100.jpg 435 232 73 66
101.jpg 404 238 73 72
102.jpg 523 236 24 20
103.jpg 505 254 25 25
104.jpg 474 249 20 22
105.jpg 463 224 21 24
106.jpg 419 230 28 24
107.jpg 466 256 26 24
108.jpg 449 242 27 24
109.jpg 436 234 26 26
110.jpg 544 251 32 33
111.jpg 525 257 36 34
112.jpg 485 231 38 37
113.jpg 469 253 39 35
114.jpg 445 246 40 35
115.jpg 515 254 40 36
116.jpg 500 222 53 48
117.jpg 515 211 56 51
118.jpg 477 257 55 50
119.jpg 550 269 51 48
120.jpg 512 269 45 45
121.jpg 477 271 39 46
122.jpg 542 249 31 28
123.jpg 487 266 19 21
123.jpg 487 260 28 28
124.jpg 505 258 31 27
125.jpg 506 255 31 29
126.jpg 532 219 37 34
127.jpg 426 252 39 34
128.jpg 481 256 39 35
129.jpg 457 264 41 37
130.jpg 546 219 49 45
131.jpg 431 254 49 45
132.jpg 469 250 54 49
133.jpg 480 231 56 50
134.jpg 511 224 58 52
135.jpg 378 241 61 56
136.jpg 407 218 83 77
137.jpg 534 236 94 83
138.jpg 576 230 100 91
139.jpg 663 257 100 93
140.jpg 635 271 93 98
141.jpg 504 180 72 97
142.jpg 517 311 56 64
143.jpg 453 278 49 48
144.jpg 488 256 76 72
145.jpg 419 234 86 78
146.jpg 456 236 92 81
147.jpg 479 242 91 88
148.jpg 510 262 53 49
149.jpg 488 205 55 50
150.jpg 510 229 53 48
151.jpg 550 224 50 23
151.jpg 536 217 69 57
152.jpg 525 264 47 47
153.jpg 579 259 48 48
154.jpg 506 197 34 33
155.jpg 483 230 34 32
156.jpg 516 215 36 32
157.jpg 541 238 38 34
158.jpg 467 279 20 17
158.jpg 462 272 31 25
159.jpg 464 225 60 28
159.jpg 498 228 27 25
160.jpg 480 260 26 24
161.jpg 476 193 26 24
162.jpg 659 246 76 79
163.jpg 586 245 97 88
164.jpg 495 244 105 97
165.jpg 387 230 115 106
166.jpg 483 211 123 120
167.jpg 454 223 112 131
168.jpg 573 350 67 59
169.jpg 432 257 62 55
170.jpg 505 264 62 56
171.jpg 474 275 61 55
172.jpg 490 254 56 54
173.jpg 502 266 52 54
174.jpg 473 291 37 35
175.jpg 534 263 39 35
176.jpg 503 270 39 35
177.jpg 545 255 41 36
178.jpg 479 264 30 25
179.jpg 498 296 27 23
180.jpg 451 271 27 24
181.jpg 453 264 16 18
181.jpg 453 264 16 18
181.jpg 453 259 23 25
182.jpg 503 245 30 26
183.jpg 460 260 29 26
184.jpg 564 239 29 25
185.jpg 492 230 35 32
186.jpg 446 248 36 33
187.jpg 436 247 38 34
188.jpg 488 242 35 31
188.jpg 484 241 35 37
189.jpg 501 248 39 41
190.jpg 420 265 49 48
191.jpg 487 241 64 57
192.jpg 485 214 73 63
193.jpg 494 230 70 66
194.jpg 492 212 71 76
195.jpg 482 197 104 106
195.jpg 511 193 77 116
196.jpg 512 205 127 136
197.jpg 670 212 171 147
198.jpg 586 236 149 134
199.jpg 552 245 87 114
200.jpg 569 243 44 101
