1.jpg 493 208 85 105
2.jpg 479 164 109 101
3.jpg 469 204 149 102
4.jpg 449 159 188 114
5.jpg 434 175 191 120
6.jpg 455 185 127 103
7.jpg 497 171 97 97
8.jpg 464 151 129 93
9.jpg 550 167 81 64
10.jpg 581 146 104 70
11.jpg 576 118 111 69
12.jpg 556 147 92 65
13.jpg 525 138 63 64
14.jpg 523 156 84 68
15.jpg 522 154 46 48
16.jpg 470 174 67 57
17.jpg 483 143 92 60
18.jpg 532 162 84 52
19.jpg 581 162 51 51
20.jpg 509 177 64 48
21.jpg 532 220 69 20
22.jpg 507 172 60 34
23.jpg 503 198 85 100
24.jpg 532 181 149 105
25.jpg 477 168 174 102
26.jpg 484 186 170 98
27.jpg 409 158 153 110
28.jpg 477 196 166 145
29.jpg 472 171 109 67
30.jpg 510 173 107 61
31.jpg 502 200 104 63
32.jpg 511 197 100 65
33.jpg 511 207 88 62
34.jpg 500 193 66 79
35.jpg 520 183 73 79
36.jpg 474 216 88 60
37.jpg 548 184 73 43
38.jpg 534 202 70 42
39.jpg 517 212 27 33
40.jpg 477 157 70 35
41.jpg 440 173 52 32
42.jpg 574 204 100 43
43.jpg 522 202 48 91
44.jpg 556 203 117 96
45.jpg 565 137 162 122
46.jpg 536 136 205 127
47.jpg 555 141 185 110
48.jpg 502 170 148 100
49.jpg 508 145 150 110
50.jpg 527 155 94 97
51.jpg 478 164 89 71
52.jpg 461 161 94 67
53.jpg 525 167 95 60
54.jpg 557 200 97 56
55.jpg 531 186 86 56
56.jpg 564 204 53 58
57.jpg 517 158 56 55
58.jpg 480 167 68 71
59.jpg 566 213 19 12
60.jpg 534 217 19 12
61.jpg 429 192 63 33
62.jpg 458 183 105 54
63.jpg 482 142 150 132
64.jpg 534 141 211 141
65.jpg 616 142 232 127
66.jpg 590 159 181 114
67.jpg 621 150 159 112
68.jpg 629 128 87 106
69.jpg 647 82 62 138
70.jpg 513 114 62 76
71.jpg 528 123 84 63
72.jpg 553 160 80 57
73.jpg 528 144 95 59
74.jpg 516 141 97 58
75.jpg 518 139 75 62
76.jpg 495 124 71 45
77.jpg 427 170 65 41
78.jpg 496 176 60 38
79.jpg 495 141 59 35
80.jpg 540 216 52 30
81.jpg 448 191 53 35
82.jpg 510 180 216 47
83.jpg 560 149 78 116
84.jpg 575 169 148 115
85.jpg 560 159 234 149
86.jpg 475 147 280 167
87.jpg 469 149 261 179
88.jpg 534 130 140 131
89.jpg 527 128 125 119
90.jpg 501 195 144 95
91.jpg 539 149 133 97
92.jpg 568 132 124 87
93.jpg 598 172 91 62
94.jpg 563 176 20 13
95.jpg 536 178 77 47
96.jpg 564 181 74 49
97.jpg 586 197 69 47
98.jpg 492 202 62 45
99.jpg 474 188 54 32
100.jpg 423 210 53 64
101.jpg 443 213 47 40
102.jpg 588 187 60 67
103.jpg 577 151 154 155
104.jpg 547 158 263 162
105.jpg 497 134 341 204
106.jpg 343 151 270 206
107.jpg 454 130 230 251
108.jpg 547 123 158 104
109.jpg 612 141 142 88
110.jpg 621 128 124 78
111.jpg 649 138 100 76
112.jpg 581 151 77 55
113.jpg 580 206 86 53
114.jpg 666 177 91 55
115.jpg 545 193 79 55
116.jpg 570 190 57 52
117.jpg 500 171 57 28
118.jpg 580 161 57 32
119.jpg 498 214 57 48
120.jpg 502 191 56 41
121.jpg 471 191 55 49
122.jpg 522 119 67 135
123.jpg 586 141 111 152
124.jpg 563 184 209 169
125.jpg 535 201 324 202
126.jpg 418 183 322 200
127.jpg 425 164 254 206
128.jpg 440 141 219 224
129.jpg 453 129 91 120
130.jpg 533 137 102 88
131.jpg 597 128 139 87
132.jpg 584 150 142 78
133.jpg 593 129 106 78
134.jpg 542 113 78 73
135.jpg 525 151 97 61
136.jpg 503 230 87 106
137.jpg 434 237 100 63
138.jpg 481 127 65 106
139.jpg 565 63 156 151
140.jpg 489 110 227 146
141.jpg 437 114 256 141
142.jpg 407 106 233 161
143.jpg 429 111 149 165
144.jpg 544 115 129 100
145.jpg 601 120 150 93
146.jpg 630 117 145 87
147.jpg 625 150 115 69
148.jpg 597 132 102 75
149.jpg 565 140 58 72
150.jpg 542 175 39 62
151.jpg 474 188 74 57
152.jpg 480 182 85 57
153.jpg 543 170 85 49
154.jpg 507 206 25 16
155.jpg 495 179 64 46
156.jpg 497 169 52 34
157.jpg 513 160 37 31
158.jpg 502 213 17 10
159.jpg 483 194 39 24
160.jpg 442 186 47 29
161.jpg 499 152 78 132
162.jpg 610 161 218 189
163.jpg 544 176 282 180
164.jpg 446 138 365 206
165.jpg 329 139 367 252
166.jpg 358 160 326 281
167.jpg 500 146 127 115
168.jpg 540 156 172 112
169.jpg 676 237 54 31
170.jpg 621 146 119 91
171.jpg 625 101 75 100
172.jpg 559 125 23 35
173.jpg 467 207 84 60
174.jpg 513 242 121 70
175.jpg 505 246 116 70
176.jpg 513 235 126 88
177.jpg 455 243 81 48
178.jpg 489 188 68 38
179.jpg 452 203 63 39
180.jpg 445 160 57 43
181.jpg 478 194 36 23
182.jpg 461 95 200 175
183.jpg 555 105 267 167
184.jpg 515 115 271 162
185.jpg 475 152 180 148
186.jpg 527 123 122 142
187.jpg 509 100 75 135
188.jpg 458 111 56 66
189.jpg 467 141 94 74
190.jpg 471 136 122 84
191.jpg 488 107 167 100
192.jpg 486 119 161 101
193.jpg 484 90 137 113
194.jpg 505 102 108 115
195.jpg 507 140 85 65
196.jpg 536 99 99 67
197.jpg 557 127 97 58
198.jpg 527 123 54 47
199.jpg 452 107 71 24
200.jpg 514 158 62 42
