1.jpg 314 324 52 149
2.jpg 555 190 48 41
3.jpg 574 164 49 42
4.jpg 524 169 36 33
5.jpg 573 119 41 37
6.jpg 597 190 27 21
7.jpg 536 170 29 27
8.jpg 620 172 31 26
9.jpg 554 151 27 20
10.jpg 555 201 19 13
11.jpg 555 122 18 14
12.jpg 354 233 122 220
13.jpg 533 170 23 22
14.jpg 298 201 207 255
16.jpg 216 187 275 246
17.jpg 290 183 179 176
18.jpg 409 140 76 171
20.jpg 442 164 72 84
21.jpg 477 139 88 82
22.jpg 526 174 70 76
23.jpg 349 285 178 228
24.jpg 444 158 85 79
25.jpg 434 194 54 49
26.jpg 366 164 59 59
27.jpg 529 175 41 48
28.jpg 503 173 29 30
29.jpg 557 182 32 31
30.jpg 444 200 34 31
31.jpg 489 197 20 17
32.jpg 557 130 20 18
33.jpg 525 157 20 19
34.jpg 376 266 224 248
35.jpg 444 175 17 17
36.jpg 491 185 19 17
37.jpg 254 152 207 227
38.jpg 268 128 200 183
39.jpg 326 156 179 162
40.jpg 285 172 159 148
41.jpg 364 119 86 121
42.jpg 362 174 51 57
43.jpg 380 210 73 70
44.jpg 490 165 87 80
45.jpg 363 308 163 200
46.jpg 429 159 68 83
47.jpg 449 184 38 42
48.jpg 433 141 44 42
49.jpg 377 62 57 54
50.jpg 413 127 58 54
52.jpg 468 182 34 30
53.jpg 463 200 35 30
54.jpg 526 217 32 30
55.jpg 554 202 25 22
56.jpg 302 326 120 195
57.jpg 523 225 24 14
58.jpg 429 199 30 26
59.jpg 493 197 23 20
60.jpg 455 235 20 16
61.jpg 419 228 22 19
62.jpg 534 122 96 200
63.jpg 525 110 169 202
64.jpg 448 155 210 200
65.jpg 470 169 218 208
66.jpg 401 158 237 204
67.jpg 376 288 87 129
68.jpg 511 173 96 85
69.jpg 557 142 111 98
70.jpg 624 137 110 96
71.jpg 620 110 87 86
73.jpg 550 117 42 65
74.jpg 547 167 31 38
75.jpg 557 171 33 37
76.jpg 545 159 38 35
77.jpg 585 135 40 36
78.jpg 335 285 72 107
79.jpg 551 161 40 34
80.jpg 535 217 22 18
81.jpg 569 247 22 17
82.jpg 542 224 18 24
83.jpg 522 218 17 18
84.jpg 510 237 23 21
85.jpg 586 204 92 135
86.jpg 537 196 127 139
87.jpg 518 176 147 138
88.jpg 579 185 128 99
89.jpg 367 290 101 119
90.jpg 520 166 121 103
91.jpg 461 134 131 140
92.jpg 461 198 76 59
93.jpg 462 246 71 57
94.jpg 492 216 74 60
95.jpg 507 159 88 72
96.jpg 540 114 78 78
97.jpg 595 232 48 50
98.jpg 578 207 40 38
99.jpg 487 111 71 62
100.jpg 371 288 104 125
101.jpg 527 111 77 68
102.jpg 462 211 51 44
103.jpg 502 213 42 36
104.jpg 557 174 45 38
105.jpg 521 174 34 30
106.jpg 552 128 34 32
108.jpg 450 176 23 20
110.jpg 619 123 79 190
111.jpg 407 255 105 124
112.jpg 461 82 174 231
113.jpg 382 91 243 224
114.jpg 379 126 159 164
115.jpg 462 114 76 96
116.jpg 589 125 64 89
117.jpg 555 127 77 76
118.jpg 540 138 88 81
119.jpg 546 99 84 78
120.jpg 597 108 63 57
121.jpg 518 165 36 35
122.jpg 413 294 66 95
123.jpg 495 183 38 32
124.jpg 472 195 36 31
125.jpg 522 197 31 25
126.jpg 513 183 50 43
127.jpg 459 228 35 32
128.jpg 461 155 31 26
129.jpg 491 173 31 25
131.jpg 457 198 21 16
132.jpg 489 200 20 17
133.jpg 395 248 58 117
134.jpg 526 182 83 122
135.jpg 581 184 110 139
136.jpg 501 157 139 124
137.jpg 562 157 155 138
138.jpg 543 154 131 125
139.jpg 578 184 66 57
140.jpg 562 160 67 58
141.jpg 603 150 80 75
142.jpg 629 162 62 57
143.jpg 386 285 57 83
144.jpg 328 249 65 80
145.jpg 367 317 58 64
146.jpg 304 294 32 35
147.jpg 333 283 32 35
148.jpg 377 304 32 41
149.jpg 356 306 24 36
150.jpg 351 289 23 25
151.jpg 299 352 18 19
152.jpg 317 317 17 20
153.jpg 378 260 77 198
154.jpg 359 283 117 194
155.jpg 366 284 201 257
156.jpg 375 316 193 214
157.jpg 323 263 254 311
158.jpg 309 336 202 288
159.jpg 348 261 98 144
160.jpg 316 267 109 149
161.jpg 371 228 105 119
162.jpg 389 202 127 162
163.jpg 384 226 96 153
164.jpg 398 246 52 126
165.jpg 379 259 64 91
166.jpg 375 280 72 90
167.jpg 395 256 74 105
168.jpg 311 335 59 78
169.jpg 335 268 38 42
170.jpg 348 294 38 41
171.jpg 360 244 44 55
172.jpg 322 241 36 41
173.jpg 357 314 31 33
174.jpg 339 303 30 33
175.jpg 322 290 28 31
176.jpg 313 305 21 22
177.jpg 331 292 21 23
178.jpg 298 295 21 23
179.jpg 90 345 237 328
180.jpg 109 304 288 355
181.jpg 103 279 229 281
182.jpg 166 270 191 273
183.jpg 182 263 125 267
184.jpg 258 307 85 127
185.jpg 251 306 114 134
186.jpg 233 250 115 141
187.jpg 236 284 101 134
188.jpg 287 282 45 50
189.jpg 280 273 52 63
190.jpg 312 284 54 63
191.jpg 300 294 53 63
192.jpg 325 239 49 58
193.jpg 293 316 32 39
194.jpg 317 276 32 35
195.jpg 320 276 31 34
196.jpg 303 324 34 40
197.jpg 267 355 31 39
198.jpg 290 356 22 31
199.jpg 339 315 25 25
200.jpg 333 294 25 37
201.jpg 338 267 30 32
202.jpg 342 308 19 22
203.jpg 322 350 14 17
204.jpg 399 297 25 21
205.jpg 446 273 19 19
206.jpg 552 179 109 184
207.jpg 536 153 175 219
208.jpg 501 159 242 245
209.jpg 400 147 219 221
210.jpg 383 176 190 222
211.jpg 538 196 98 108
212.jpg 552 181 127 135
213.jpg 502 138 132 126
214.jpg 480 185 157 158
215.jpg 560 207 62 63
216.jpg 607 178 70 65
217.jpg 566 158 83 66
218.jpg 495 192 55 47
219.jpg 579 165 52 44
