1.jpg 493 148 64 124
2.jpg 456 152 214 117
3.jpg 456 107 197 150
4.jpg 469 167 76 129
5.jpg 397 176 202 128
6.jpg 452 107 221 146
7.jpg 507 105 143 102
8.jpg 481 117 123 100
9.jpg 532 103 102 66
10.jpg 537 148 54 107
11.jpg 540 114 94 73
12.jpg 548 196 63 54
13.jpg 478 184 110 74
14.jpg 568 160 89 78
15.jpg 617 167 99 62
16.jpg 492 194 142 88
17.jpg 483 161 83 74
18.jpg 428 199 91 52
19.jpg 422 155 64 56
20.jpg 437 168 54 40
21.jpg 335 245 92 124
22.jpg 464 155 93 117
23.jpg 470 111 179 156
24.jpg 393 124 197 166
25.jpg 466 127 185 153
26.jpg 427 141 139 152
27.jpg 479 124 79 164
28.jpg 429 177 67 84
29.jpg 480 166 86 60
30.jpg 419 144 124 108
31.jpg 513 151 140 116
32.jpg 481 153 100 88
33.jpg 539 119 90 108
34.jpg 584 157 54 59
35.jpg 498 171 57 65
36.jpg 480 158 90 69
37.jpg 439 173 64 53
38.jpg 516 152 62 41
39.jpg 441 186 45 39
40.jpg 383 186 40 37
41.jpg 436 180 100 173
42.jpg 544 145 164 168
43.jpg 479 157 248 170
44.jpg 432 158 236 190
45.jpg 388 141 158 139
46.jpg 403 124 100 191
47.jpg 412 149 131 110
48.jpg 450 141 123 92
49.jpg 451 155 119 78
50.jpg 463 106 116 101
51.jpg 498 134 78 100
52.jpg 454 146 42 56
53.jpg 367 211 70 39
54.jpg 448 200 86 55
55.jpg 508 180 73 56
56.jpg 503 186 73 53
57.jpg 486 204 56 43
58.jpg 444 177 52 32
59.jpg 447 181 51 42
60.jpg 517 169 44 25
61.jpg 382 202 116 150
62.jpg 443 152 201 148
63.jpg 424 103 197 131
64.jpg 450 149 167 143
65.jpg 423 133 87 131
66.jpg 484 140 42 104
67.jpg 398 177 89 82
68.jpg 499 132 92 75
69.jpg 463 161 100 75
70.jpg 486 140 94 75
71.jpg 389 186 94 73
72.jpg 394 196 83 75
73.jpg 434 153 68 57
74.jpg 452 157 69 43
75.jpg 479 140 73 54
76.jpg 454 121 67 53
77.jpg 425 158 57 45
78.jpg 514 156 50 41
79.jpg 413 243 48 37
80.jpg 476 240 79 53
81.jpg 552 184 78 113
82.jpg 492 128 127 115
83.jpg 506 142 164 122
84.jpg 515 130 172 131
85.jpg 470 125 139 123
86.jpg 425 103 94 162
87.jpg 429 129 102 115
88.jpg 460 153 115 103
89.jpg 401 134 113 86
90.jpg 391 176 109 90
91.jpg 484 176 84 78
92.jpg 412 152 70 88
93.jpg 371 158 46 58
94.jpg 503 224 84 64
95.jpg 425 199 81 59
96.jpg 549 213 83 58
97.jpg 437 163 64 75
98.jpg 421 200 62 41
99.jpg 445 182 46 36
100.jpg 443 131 46 25
101.jpg 497 190 68 119
102.jpg 477 146 154 151
103.jpg 379 150 167 131
104.jpg 388 47 169 199
105.jpg 429 117 136 178
106.jpg 544 84 132 187
107.jpg 438 161 102 100
108.jpg 502 163 99 84
109.jpg 543 179 97 77
110.jpg 505 176 80 80
111.jpg 480 190 61 79
112.jpg 494 176 46 71
113.jpg 482 110 33 67
114.jpg 458 174 48 57
115.jpg 418 165 62 52
116.jpg 510 150 64 57
117.jpg 520 165 58 56
118.jpg 515 140 60 44
119.jpg 356 230 55 40
120.jpg 345 250 55 44
121.jpg 381 130 49 97
122.jpg 343 127 141 138
123.jpg 425 108 166 101
124.jpg 451 98 183 105
125.jpg 421 105 159 146
126.jpg 415 103 125 144
127.jpg 456 118 92 99
128.jpg 440 140 114 92
129.jpg 439 145 112 53
130.jpg 495 129 103 83
131.jpg 496 158 81 82
132.jpg 476 169 59 42
133.jpg 584 111 76 63
134.jpg 508 177 77 57
135.jpg 517 164 74 54
136.jpg 435 150 59 33
137.jpg 468 186 74 60
138.jpg 471 140 56 44
139.jpg 482 201 58 37
140.jpg 500 304 52 41
141.jpg 424 176 120 103
142.jpg 576 131 146 111
143.jpg 472 141 159 121
144.jpg 487 77 150 100
145.jpg 473 77 139 149
146.jpg 498 98 75 126
147.jpg 410 171 94 50
148.jpg 478 192 83 64
149.jpg 437 147 84 47
150.jpg 514 138 94 60
151.jpg 515 151 62 51
152.jpg 442 170 54 50
153.jpg 505 110 67 46
154.jpg 532 137 58 43
155.jpg 467 130 56 43
156.jpg 530 126 56 38
157.jpg 456 146 81 49
158.jpg 462 167 52 42
159.jpg 446 161 43 45
160.jpg 389 167 54 35
161.jpg 535 159 74 191
162.jpg 487 140 209 186
163.jpg 462 157 239 176
164.jpg 489 139 215 189
165.jpg 526 118 169 218
166.jpg 517 124 109 282
167.jpg 361 81 141 167
168.jpg 426 111 132 120
169.jpg 494 140 110 91
170.jpg 447 158 100 62
171.jpg 344 181 113 89
172.jpg 401 146 84 89
173.jpg 439 172 84 69
174.jpg 463 175 91 62
175.jpg 503 160 91 73
176.jpg 456 190 87 62
177.jpg 483 190 68 46
178.jpg 390 208 54 42
179.jpg 350 189 55 40
180.jpg 460 150 44 37
181.jpg 370 119 80 152
182.jpg 548 128 119 155
183.jpg 516 123 199 163
184.jpg 442 135 228 175
185.jpg 430 182 142 87
186.jpg 448 199 118 146
187.jpg 523 152 77 106
188.jpg 480 130 104 101
189.jpg 440 150 109 90
190.jpg 426 91 117 129
191.jpg 447 128 89 86
192.jpg 504 163 56 40
193.jpg 525 162 64 69
194.jpg 537 175 70 55
195.jpg 443 146 81 68
196.jpg 488 180 71 63
197.jpg 474 224 58 48
198.jpg 464 235 57 43
199.jpg 524 212 73 57
200.jpg 435 167 47 51
