1.jpg 552 230 196 176
2.jpg 571 231 219 186
3.jpg 467 239 178 184
4.jpg 552 229 127 152
5.jpg 520 220 85 131
6.jpg 537 226 62 129
7.jpg 591 256 67 82
8.jpg 552 245 81 80
9.jpg 521 248 84 77
10.jpg 559 264 86 77
11.jpg 539 302 82 75
12.jpg 520 299 79 74
13.jpg 523 279 51 45
14.jpg 476 268 50 47
15.jpg 503 264 50 46
16.jpg 560 260 52 47
17.jpg 532 289 38 35
18.jpg 524 281 41 38
19.jpg 507 299 44 39
20.jpg 520 296 45 42
21.jpg 462 233 109 100
22.jpg 455 226 109 102
23.jpg 470 196 98 105
24.jpg 503 185 81 99
25.jpg 516 188 60 91
26.jpg 479 181 42 86
27.jpg 487 205 34 46
28.jpg 554 224 44 48
29.jpg 482 233 42 40
30.jpg 489 232 49 60
30.jpg 492 231 40 39
31.jpg 461 186 44 41
32.jpg 439 225 46 43
33.jpg 515 249 37 32
34.jpg 451 262 35 33
35.jpg 506 210 35 33
36.jpg 480 279 33 32
37.jpg 520 281 26 26
38.jpg 465 258 27 25
39.jpg 473 243 27 25
40.jpg 477 245 28 25
41.jpg 408 206 75 82
42.jpg 401 220 106 100
43.jpg 336 221 115 107
44.jpg 351 210 92 104
45.jpg 364 187 63 94
46.jpg 389 212 40 75
47.jpg 438 245 54 48
48.jpg 435 259 52 48
49.jpg 424 253 51 48
50.jpg 448 242 48 49
51.jpg 450 255 43 48
52.jpg 473 247 26 32
52.jpg 465 242 36 47
53.jpg 451 274 31 28
54.jpg 474 257 28 16
54.jpg 473 254 28 33
55.jpg 427 254 30 29
56.jpg 428 252 28 28
57.jpg 421 269 24 24
58.jpg 465 270 25 22
59.jpg 420 263 24 25
60.jpg 395 235 24 23
61.jpg 500 284 23 22
62.jpg 487 277 24 22
63.jpg 605 293 50 42
63.jpg 526 296 24 21
64.jpg 537 303 29 24
65.jpg 492 261 31 28
66.jpg 479 250 34 39
67.jpg 492 286 30 26
68.jpg 504 275 21 21
68.jpg 505 276 19 19
68.jpg 505 276 19 12
68.jpg 495 270 33 33
69.jpg 425 255 34 37
70.jpg 476 278 39 36
71.jpg 514 297 44 42
72.jpg 546 272 41 37
73.jpg 538 282 39 35
74.jpg 472 255 49 43
75.jpg 497 244 51 44
76.jpg 523 238 51 45
77.jpg 494 249 46 53
78.jpg 508 243 43 43
79.jpg 571 240 65 79
80.jpg 598 225 84 83
81.jpg 538 266 92 81
82.jpg 488 258 93 82
83.jpg 533 224 96 88
84.jpg 481 247 81 82
85.jpg 493 220 56 74
86.jpg 604 227 91 83
87.jpg 518 210 98 92
88.jpg 430 224 105 94
89.jpg 402 222 102 101
90.jpg 459 193 80 89
91.jpg 410 217 64 69
92.jpg 502 211 75 71
93.jpg 484 202 80 74
94.jpg 525 207 77 70
95.jpg 529 221 67 65
96.jpg 466 225 74 59
96.jpg 465 220 54 64
97.jpg 469 271 43 48
98.jpg 485 263 46 45
99.jpg 524 235 52 47
100.jpg 444 242 51 46
101.jpg 435 257 39 34
102.jpg 503 229 38 33
103.jpg 455 217 29 23
103.jpg 453 208 36 33
104.jpg 455 187 35 33
105.jpg 520 228 28 27
106.jpg 515 201 29 27
107.jpg 541 202 29 26
108.jpg 567 241 31 31
109.jpg 499 233 70 64
110.jpg 415 237 67 62
111.jpg 388 246 71 62
112.jpg 344 228 71 64
113.jpg 344 224 65 64
114.jpg 348 243 53 61
115.jpg 406 210 37 40
116.jpg 434 229 38 40
117.jpg 455 237 41 40
118.jpg 429 234 45 40
119.jpg 456 237 44 41
120.jpg 453 240 44 39
121.jpg 476 280 32 28
122.jpg 472 264 31 29
123.jpg 518 238 31 29
124.jpg 440 283 30 29
125.jpg 489 266 23 25
126.jpg 402 275 24 24
127.jpg 467 285 25 24
128.jpg 393 281 26 24
129.jpg 390 253 113 102
130.jpg 347 226 112 110
131.jpg 336 215 98 108
132.jpg 344 235 80 101
133.jpg 396 210 54 97
134.jpg 380 218 32 93
135.jpg 408 277 54 68
136.jpg 371 241 58 68
137.jpg 391 249 66 70
138.jpg 475 267 72 70
139.jpg 459 265 74 68
140.jpg 377 292 77 68
141.jpg 469 286 42 38
142.jpg 488 247 41 38
143.jpg 507 236 29 29
143.jpg 505 226 40 41
144.jpg 533 228 39 40
145.jpg 507 276 28 28
146.jpg 439 258 26 26
147.jpg 442 245 27 25
148.jpg 482 259 30 27
149.jpg 431 278 19 17
150.jpg 520 292 17 15
151.jpg 530 263 18 19
152.jpg 482 248 18 17
153.jpg 504 272 21 22
154.jpg 445 245 22 27
155.jpg 483 240 26 26
156.jpg 487 220 26 25
157.jpg 476 252 19 11
157.jpg 470 241 31 30
158.jpg 453 260 34 31
159.jpg 450 244 34 33
160.jpg 513 236 36 34
161.jpg 461 257 19 24
161.jpg 457 248 34 37
162.jpg 465 220 32 35
163.jpg 352 241 32 34
164.jpg 433 270 45 47
165.jpg 381 258 43 48
166.jpg 408 264 55 52
167.jpg 437 226 58 53
168.jpg 464 221 65 58
169.jpg 368 235 71 64
170.jpg 521 253 27 23
171.jpg 540 242 28 24
172.jpg 547 240 27 26
173.jpg 509 238 27 26
174.jpg 474 237 36 32
175.jpg 415 276 37 33
176.jpg 512 239 37 34
177.jpg 453 250 37 38
178.jpg 556 227 42 43
179.jpg 539 259 50 47
180.jpg 538 240 53 48
181.jpg 508 207 57 51
182.jpg 451 176 58 52
183.jpg 560 224 60 52
184.jpg 444 193 106 122
185.jpg 440 208 127 124
186.jpg 435 195 136 123
187.jpg 555 202 135 131
188.jpg 596 187 100 118
189.jpg 645 205 77 111
190.jpg 590 237 68 115
191.jpg 503 200 121 140
192.jpg 454 203 154 151
193.jpg 348 246 154 150
194.jpg 384 217 130 141
195.jpg 394 238 79 130
196.jpg 465 269 49 55
197.jpg 426 241 60 61
198.jpg 464 244 70 64
199.jpg 470 257 76 70
200.jpg 544 249 78 69
201.jpg 522 259 70 69
202.jpg 548 270 31 33
203.jpg 543 239 35 33
204.jpg 548 238 38 34
205.jpg 533 260 40 34
206.jpg 517 252 28 32
207.jpg 482 265 28 32
208.jpg 513 276 31 25
209.jpg 461 222 30 26
