1.jpg 617 122 114 166
2.jpg 575 132 155 174
3.jpg 541 142 186 164
4.jpg 536 148 187 164
5.jpg 616 181 179 168
6.jpg 462 208 72 68
7.jpg 466 209 75 68
8.jpg 533 164 77 71
9.jpg 589 176 75 68
9.jpg 589 176 75 68
10.jpg 612 179 70 72
11.jpg 492 142 41 40
12.jpg 536 154 0 0
12.jpg 534 154 41 35
13.jpg 597 150 39 36
14.jpg 636 197 40 36
15.jpg 580 180 38 36
16.jpg 464 206 24 23
17.jpg 512 178 26 24
18.jpg 524 165 26 24
19.jpg 504 203 29 25
20.jpg 585 131 128 172
21.jpg 543 122 153 155
22.jpg 479 137 157 146
23.jpg 448 131 144 141
24.jpg 504 159 126 126
25.jpg 459 203 64 57
25.jpg 455 198 71 67
26.jpg 522 196 74 68
27.jpg 597 186 73 66
28.jpg 541 192 62 62
29.jpg 510 223 44 44
30.jpg 540 200 47 42
31.jpg 454 237 46 42
32.jpg 502 225 51 47
33.jpg 511 239 52 47
34.jpg 549 202 27 26
35.jpg 514 236 27 25
36.jpg 562 220 28 26
37.jpg 585 203 29 26
38.jpg 609 176 31 27
39.jpg 488 219 22 20
40.jpg 485 236 22 20
41.jpg 510 222 19 18
42.jpg 515 220 20 25
42.jpg 514 223 22 20
43.jpg 556 164 112 152
44.jpg 552 175 134 148
45.jpg 530 181 162 156
46.jpg 557 194 170 146
47.jpg 527 184 153 141
48.jpg 390 156 86 90
49.jpg 559 145 96 88
50.jpg 527 130 104 97
51.jpg 529 187 95 88
52.jpg 570 156 98 92
53.jpg 518 163 74 85
54.jpg 571 222 53 48
55.jpg 523 209 52 50
56.jpg 530 205 60 51
57.jpg 463 188 61 54
58.jpg 556 210 61 52
59.jpg 511 238 41 38
60.jpg 501 192 41 35
61.jpg 535 182 38 34
62.jpg 457 169 37 34
63.jpg 520 282 26 20
64.jpg 493 243 28 25
65.jpg 530 249 27 24
66.jpg 569 195 93 120
67.jpg 550 180 118 127
68.jpg 446 167 149 134
69.jpg 603 189 62 65
70.jpg 600 158 70 68
71.jpg 598 161 75 68
72.jpg 636 152 77 67
73.jpg 499 190 32 36
74.jpg 420 204 34 36
75.jpg 486 189 37 37
76.jpg 451 199 40 42
77.jpg 513 194 43 39
78.jpg 601 156 41 38
78.jpg 598 155 47 41
79.jpg 475 208 29 25
80.jpg 508 212 29 26
81.jpg 469 209 28 27
82.jpg 456 259 27 25
83.jpg 571 208 88 166
84.jpg 604 186 140 172
85.jpg 550 177 178 177
86.jpg 583 231 184 156
87.jpg 544 215 163 148
88.jpg 505 205 103 91
89.jpg 566 194 101 91
90.jpg 633 196 96 89
91.jpg 555 220 78 86
92.jpg 487 223 45 46
93.jpg 460 226 50 50
94.jpg 480 204 54 49
95.jpg 514 194 56 50
96.jpg 624 205 60 52
97.jpg 552 203 44 38
98.jpg 613 151 48 42
99.jpg 535 176 46 42
100.jpg 553 190 44 41
101.jpg 496 273 35 31
102.jpg 532 244 35 30
103.jpg 565 185 118 171
104.jpg 533 195 156 166
105.jpg 494 221 164 155
106.jpg 403 234 177 165
107.jpg 599 265 164 149
108.jpg 508 199 85 75
109.jpg 508 197 143 82
109.jpg 509 196 88 79
110.jpg 564 177 87 84
111.jpg 544 184 74 79
112.jpg 520 212 45 46
113.jpg 507 248 46 44
114.jpg 484 242 49 44
115.jpg 502 244 49 46
116.jpg 560 231 54 51
117.jpg 494 260 33 29
118.jpg 543 205 31 33
119.jpg 507 200 28 33
120.jpg 551 249 24 24
121.jpg 544 237 26 23
122.jpg 542 236 27 27
123.jpg 648 147 95 186
124.jpg 576 139 150 178
125.jpg 518 141 157 147
126.jpg 489 187 146 130
127.jpg 494 198 131 120
128.jpg 465 213 64 62
129.jpg 594 174 70 64
130.jpg 524 164 73 66
131.jpg 569 190 64 60
132.jpg 577 177 59 59
133.jpg 449 255 32 31
134.jpg 492 201 33 33
135.jpg 571 237 35 33
136.jpg 466 236 35 33
137.jpg 633 208 35 29
138.jpg 521 220 25 23
139.jpg 558 184 25 25
140.jpg 550 206 26 24
141.jpg 507 212 20 22
142.jpg 507 184 21 21
143.jpg 595 242 22 22
144.jpg 621 162 64 117
145.jpg 608 136 110 130
146.jpg 568 171 137 127
147.jpg 538 202 130 113
148.jpg 518 180 83 74
149.jpg 560 176 76 69
150.jpg 619 171 70 68
151.jpg 610 154 64 69
152.jpg 624 180 56 66
153.jpg 554 233 32 38
154.jpg 578 233 33 39
155.jpg 642 219 37 38
156.jpg 681 226 41 39
157.jpg 630 249 42 37
158.jpg 514 216 29 26
159.jpg 535 204 29 27
160.jpg 577 220 28 27
161.jpg 619 188 27 29
162.jpg 572 233 86 135
163.jpg 545 261 114 133
164.jpg 532 228 124 122
165.jpg 486 208 142 126
166.jpg 404 283 140 123
167.jpg 321 241 98 90
168.jpg 465 224 92 89
169.jpg 587 186 80 89
170.jpg 623 186 65 84
171.jpg 530 261 42 47
172.jpg 522 241 45 48
173.jpg 474 248 49 49
174.jpg 536 225 57 53
175.jpg 448 232 36 32
176.jpg 575 172 36 34
177.jpg 584 195 35 33
178.jpg 626 201 34 34
179.jpg 754 205 35 35
180.jpg 486 226 21 21
181.jpg 509 255 25 23
182.jpg 742 157 132 180
183.jpg 677 181 163 187
184.jpg 563 197 172 171
185.jpg 513 178 180 155
186.jpg 432 191 160 158
187.jpg 549 204 89 84
188.jpg 528 161 95 84
189.jpg 579 153 97 84
190.jpg 642 147 93 99
191.jpg 668 143 86 100
192.jpg 544 240 59 55
193.jpg 486 231 60 55
194.jpg 524 237 63 55
195.jpg 431 217 65 57
196.jpg 481 226 65 59
197.jpg 478 213 63 58
198.jpg 475 218 43 38
199.jpg 560 196 45 41
200.jpg 620 166 50 46
201.jpg 523 181 52 45
202.jpg 535 199 49 45
203.jpg 604 178 46 46
204.jpg 546 207 34 37
