1.jpg 133 277 184 287
2.jpg 503 233 31 28
3.jpg 472 172 31 29
4.jpg 520 219 22 21
5.jpg 530 209 23 21
6.jpg 552 221 18 12
9.jpg 471 183 13 11
10.jpg 556 154 99 158
11.jpg 631 204 212 191
12.jpg 102 277 220 253
13.jpg 504 171 231 215
14.jpg 576 201 180 206
15.jpg 505 225 127 123
16.jpg 530 156 132 118
17.jpg 505 162 123 113
18.jpg 540 207 70 54
19.jpg 532 211 38 30
20.jpg 572 183 52 45
21.jpg 505 155 53 50
22.jpg 482 167 58 52
23.jpg 147 286 191 220
24.jpg 495 200 39 35
25.jpg 504 150 40 36
26.jpg 502 158 41 36
27.jpg 481 252 39 36
28.jpg 510 192 27 26
29.jpg 528 199 27 25
30.jpg 455 151 29 26
31.jpg 504 200 28 26
32.jpg 444 196 27 25
33.jpg 458 214 21 17
34.jpg 174 266 148 200
35.jpg 484 189 14 17
37.jpg 481 171 20 19
38.jpg 322 159 214 213
39.jpg 170 149 250 218
40.jpg 218 128 267 201
41.jpg 249 133 174 159
42.jpg 372 145 84 91
43.jpg 391 156 73 128
45.jpg 264 303 105 178
46.jpg 452 214 55 45
47.jpg 431 208 64 46
48.jpg 468 169 87 81
49.jpg 445 188 78 82
50.jpg 466 220 37 37
51.jpg 353 228 40 39
52.jpg 465 198 45 40
53.jpg 482 209 32 26
54.jpg 497 220 22 17
55.jpg 473 191 36 32
56.jpg 301 278 49 157
57.jpg 416 219 33 30
58.jpg 427 190 33 30
59.jpg 508 210 32 30
60.jpg 464 210 28 27
61.jpg 593 192 17 21
62.jpg 549 268 25 21
63.jpg 533 205 25 22
64.jpg 440 187 29 27
65.jpg 352 191 151 151
67.jpg 315 264 53 102
68.jpg 375 203 147 169
69.jpg 315 168 98 157
70.jpg 371 202 56 81
71.jpg 371 150 68 71
72.jpg 441 158 104 104
73.jpg 366 127 109 92
74.jpg 434 167 99 87
75.jpg 506 178 78 81
76.jpg 509 207 40 34
77.jpg 453 175 57 52
78.jpg 314 271 70 106
80.jpg 406 178 60 51
81.jpg 424 143 56 50
82.jpg 457 170 51 47
83.jpg 520 234 30 26
84.jpg 537 144 31 28
85.jpg 560 138 32 28
86.jpg 497 150 29 29
87.jpg 493 204 37 28
88.jpg 472 224 19 20
89.jpg 283 261 82 107
90.jpg 468 249 24 18
91.jpg 536 219 24 22
92.jpg 467 209 124 123
93.jpg 398 211 130 119
94.jpg 359 196 162 149
95.jpg 312 210 149 153
96.jpg 257 232 100 123
97.jpg 463 196 37 45
98.jpg 450 201 58 55
99.jpg 473 210 49 48
100.jpg 274 257 92 113
101.jpg 478 189 58 50
102.jpg 411 156 85 78
103.jpg 513 144 84 87
104.jpg 476 228 37 36
105.jpg 499 202 35 26
106.jpg 525 192 31 27
107.jpg 442 201 33 27
108.jpg 422 234 42 32
109.jpg 460 205 21 18
110.jpg 489 173 23 19
111.jpg 250 242 96 123
112.jpg 517 159 31 28
113.jpg 397 89 33 30
114.jpg 424 157 26 19
115.jpg 314 157 274 259
116.jpg 203 127 252 227
117.jpg 169 139 228 214
118.jpg 291 188 137 162
119.jpg 312 168 101 149
120.jpg 308 149 60 65
121.jpg 469 145 66 66
122.jpg 292 278 83 119
123.jpg 487 110 67 63
124.jpg 442 175 64 58
125.jpg 498 157 63 48
126.jpg 521 159 44 35
127.jpg 443 174 38 36
128.jpg 416 203 38 36
129.jpg 414 195 38 34
130.jpg 465 166 38 35
132.jpg 435 155 30 33
133.jpg 285 335 40 42
134.jpg 372 185 21 21
135.jpg 503 173 18 15
136.jpg 482 169 19 15
137.jpg 413 270 126 123
138.jpg 345 178 138 135
139.jpg 329 138 142 140
140.jpg 281 169 115 122
141.jpg 397 155 84 108
142.jpg 407 170 63 97
143.jpg 367 127 52 62
144.jpg 260 292 43 45
145.jpg 431 148 49 58
146.jpg 462 114 60 65
147.jpg 504 148 67 70
148.jpg 446 127 76 76
149.jpg 276 258 58 73
150.jpg 353 226 56 71
151.jpg 268 254 54 69
152.jpg 282 306 39 49
153.jpg 310 288 38 45
154.jpg 344 262 42 53
155.jpg 256 260 43 54
156.jpg 289 284 41 52
157.jpg 291 260 31 37
158.jpg 359 252 30 36
159.jpg 310 304 29 35
160.jpg 278 310 23 36
161.jpg 373 282 24 27
162.jpg 307 318 17 17
163.jpg 334 319 19 23
164.jpg 300 253 14 15
165.jpg 344 329 14 14
166.jpg 73 265 240 285
167.jpg 165 221 182 218
168.jpg 148 307 136 183
169.jpg 170 278 105 180
170.jpg 192 241 75 165
171.jpg 262 306 49 81
172.jpg 259 302 57 81
173.jpg 294 285 67 85
174.jpg 306 298 74 84
175.jpg 305 254 75 92
176.jpg 332 283 40 47
177.jpg 363 275 40 47
178.jpg 312 275 40 47
179.jpg 255 235 40 49
180.jpg 273 212 39 54
181.jpg 285 252 27 34
182.jpg 268 302 27 34
183.jpg 250 319 33 35
184.jpg 296 333 18 21
185.jpg 323 309 18 21
186.jpg 398 359 89 149
187.jpg 391 312 174 235
188.jpg 398 328 231 250
189.jpg 329 365 192 228
190.jpg 274 336 143 202
191.jpg 286 322 86 103
192.jpg 349 295 84 104
193.jpg 412 276 84 140
194.jpg 371 284 75 91
195.jpg 354 288 46 57
196.jpg 338 279 31 40
197.jpg 322 278 45 53
198.jpg 317 288 43 48
199.jpg 378 290 41 50
201.jpg 332 352 16 21
202.jpg 373 295 27 32
203.jpg 359 271 28 30
204.jpg 341 372 12 16
205.jpg 371 340 19 21
206.jpg 396 331 14 19
207.jpg 440 311 14 19
208.jpg 380 346 22 26
209.jpg 315 168 229 215
210.jpg 275 184 248 232
211.jpg 194 153 239 227
212.jpg 228 160 131 211
213.jpg 510 173 110 125
214.jpg 390 168 128 120
215.jpg 296 108 186 195
216.jpg 306 137 142 147
217.jpg 474 189 83 82
218.jpg 461 156 62 57
219.jpg 457 168 63 47
220.jpg 393 173 83 86
221.jpg 546 195 40 39
222.jpg 515 160 33 27
223.jpg 492 152 48 47
224.jpg 519 214 39 34
