1.jpg 391 162 105 229
2.jpg 306 168 154 194
3.jpg 305 92 144 159
4.jpg 410 172 62 133
5.jpg 279 156 118 169
6.jpg 292 105 168 177
7.jpg 396 113 108 119
8.jpg 382 133 93 102
9.jpg 442 111 88 110
10.jpg 465 158 67 128
11.jpg 469 137 71 85
12.jpg 467 189 64 70
13.jpg 432 182 63 73
14.jpg 511 160 58 77
15.jpg 549 132 72 119
16.jpg 393 193 91 118
17.jpg 397 164 85 74
18.jpg 399 174 50 69
19.jpg 375 156 51 57
20.jpg 396 171 41 45
21.jpg 213 242 114 169
22.jpg 343 156 114 151
23.jpg 326 129 147 167
24.jpg 238 161 153 155
25.jpg 342 145 120 144
26.jpg 330 130 90 141
27.jpg 427 127 50 134
28.jpg 374 193 61 102
29.jpg 387 174 85 101
30.jpg 328 169 90 102
31.jpg 439 179 84 95
32.jpg 413 156 65 96
33.jpg 512 144 32 75
34.jpg 551 167 30 54
35.jpg 457 182 34 51
36.jpg 428 158 61 67
37.jpg 386 175 47 54
38.jpg 477 159 33 40
39.jpg 409 194 26 32
40.jpg 353 193 25 29
41.jpg 316 165 136 244
42.jpg 348 149 175 211
43.jpg 292 145 179 196
44.jpg 277 140 146 188
45.jpg 301 134 93 173
46.jpg 371 135 58 159
47.jpg 348 157 63 109
48.jpg 368 134 78 107
49.jpg 358 151 90 99
50.jpg 367 116 95 114
51.jpg 424 133 68 122
52.jpg 425 154 30 89
53.jpg 313 187 53 78
54.jpg 414 200 39 46
55.jpg 463 185 39 45
56.jpg 457 192 35 44
57.jpg 449 207 31 37
58.jpg 409 185 29 35
59.jpg 414 191 27 33
60.jpg 488 174 25 30
61.jpg 200 178 156 202
62.jpg 289 160 149 160
63.jpg 298 111 130 152
64.jpg 349 167 96 137
65.jpg 378 161 42 131
66.jpg 432 162 47 131
67.jpg 343 181 62 82
68.jpg 439 139 62 77
69.jpg 385 165 74 83
70.jpg 402 139 76 85
71.jpg 305 189 83 87
72.jpg 309 198 76 86
73.jpg 362 150 62 73
74.jpg 395 163 51 61
75.jpg 422 139 56 61
76.jpg 409 135 34 42
77.jpg 387 162 37 49
78.jpg 481 164 28 33
79.jpg 377 244 35 40
80.jpg 418 239 38 46
81.jpg 448 180 91 147
82.jpg 346 115 115 143
83.jpg 356 136 124 136
84.jpg 386 129 127 141
85.jpg 394 127 81 130
86.jpg 382 109 45 138
87.jpg 381 134 46 106
88.jpg 375 153 73 99
89.jpg 308 131 80 99
90.jpg 317 178 79 85
91.jpg 405 186 76 92
92.jpg 366 166 42 62
93.jpg 336 166 30 52
94.jpg 448 228 60 62
95.jpg 383 206 39 44
96.jpg 508 221 38 43
97.jpg 402 191 33 38
98.jpg 389 203 28 34
99.jpg 410 186 26 30
100.jpg 410 131 25 29
101.jpg 414 173 82 157
102.jpg 328 95 160 193
103.jpg 202 135 151 161
104.jpg 264 117 106 133
105.jpg 357 135 75 160
106.jpg 497 98 58 144
107.jpg 357 161 73 94
108.jpg 413 163 76 86
109.jpg 450 170 79 85
110.jpg 431 176 65 79
111.jpg 401 187 72 89
112.jpg 423 171 53 81
113.jpg 435 115 41 68
114.jpg 404 175 49 62
115.jpg 359 162 54 59
116.jpg 458 152 51 59
117.jpg 475 162 44 51
118.jpg 477 137 42 47
119.jpg 319 230 33 36
120.jpg 289 250 52 51
121.jpg 251 97 132 197
122.jpg 167 116 155 169
123.jpg 258 96 152 168
124.jpg 317 84 128 161
125.jpg 337 100 74 148
126.jpg 379 92 36 80
127.jpg 398 105 57 111
128.jpg 361 136 74 104
129.jpg 332 116 101 112
130.jpg 395 120 94 102
131.jpg 394 153 91 99
132.jpg 395 165 69 75
133.jpg 510 106 72 74
134.jpg 444 169 61 68
135.jpg 467 154 54 67
136.jpg 387 145 47 57
137.jpg 432 172 49 56
138.jpg 423 138 50 54
139.jpg 451 201 30 34
140.jpg 443 295 53 52
141.jpg 304 169 107 127
142.jpg 449 133 120 125
143.jpg 344 143 120 135
144.jpg 395 96 93 130
145.jpg 433 95 67 125
146.jpg 452 99 56 117
147.jpg 344 169 66 78
148.jpg 410 195 64 68
149.jpg 376 144 62 69
150.jpg 465 136 53 69
151.jpg 471 144 53 66
152.jpg 398 164 43 62
153.jpg 460 108 48 54
154.jpg 485 133 45 49
155.jpg 426 126 48 48
156.jpg 497 126 31 34
157.jpg 421 157 37 41
158.jpg 429 169 37 40
159.jpg 412 170 27 31
160.jpg 357 164 35 38
161.jpg 386 147 141 289
162.jpg 277 118 207 237
163.jpg 266 145 186 200
164.jpg 365 131 129 176
165.jpg 428 107 270 226
165.jpg 432 107 98 188
166.jpg 443 143 80 193
167.jpg 248 128 113 129
168.jpg 320 142 106 118
169.jpg 389 125 97 108
170.jpg 338 148 96 108
171.jpg 276 188 86 98
172.jpg 295 145 103 146
173.jpg 382 180 66 73
174.jpg 401 165 72 75
175.jpg 443 167 68 69
176.jpg 410 185 54 71
177.jpg 447 190 36 39
178.jpg 351 215 30 35
179.jpg 304 189 43 49
180.jpg 424 157 27 31
181.jpg 267 127 109 208
182.jpg 384 129 149 195
183.jpg 316 136 173 191
184.jpg 294 142 130 173
185.jpg 348 154 78 140
186.jpg 391 193 59 128
187.jpg 480 156 46 94
188.jpg 424 144 44 69
190.jpg 334 134 86 98
191.jpg 368 130 74 99
192.jpg 453 132 51 94
193.jpg 474 172 53 68
194.jpg 481 175 56 64
195.jpg 380 152 62 69
196.jpg 436 183 52 66
197.jpg 432 236 33 38
198.jpg 430 244 29 34
199.jpg 459 213 66 69
200.jpg 395 171 44 58

