1.jpg 343 226 178 178
2.jpg 304 203 196 180
3.jpg 340 223 173 156
4.jpg 357 221 136 144
5.jpg 422 242 64 97
6.jpg 454 234 43 65
7.jpg 499 241 49 56
8.jpg 502 241 59 54
9.jpg 503 235 64 55
10.jpg 522 249 81 81
11.jpg 470 238 55 51
12.jpg 505 242 60 51
13.jpg 498 260 39 35
14.jpg 427 267 39 35
15.jpg 475 230 30 26
16.jpg 475 229 39 37
17.jpg 466 198 24 21
18.jpg 447 187 23 22
19.jpg 503 214 23 20
20.jpg 543 240 17 15
21.jpg 483 277 17 15
22.jpg 394 252 91 148
23.jpg 354 218 147 157
24.jpg 390 194 103 95
25.jpg 356 186 153 141
26.jpg 392 234 85 120
27.jpg 409 218 61 65
28.jpg 468 233 69 67
29.jpg 445 242 69 65
30.jpg 496 183 68 79
31.jpg 450 236 26 25
32.jpg 474 233 26 25
33.jpg 474 207 37 35
34.jpg 525 222 37 36
35.jpg 614 222 39 36
36.jpg 445 250 28 25
37.jpg 472 183 28 27
38.jpg 479 239 27 25
39.jpg 503 262 19 18
40.jpg 466 255 20 20
41.jpg 579 210 20 25
42.jpg 586 134 94 144
43.jpg 549 161 119 146
44.jpg 496 190 150 144
45.jpg 538 136 166 150
46.jpg 506 154 171 159
47.jpg 558 184 75 72
48.jpg 550 135 76 77
49.jpg 603 142 81 74
50.jpg 611 138 79 74
51.jpg 641 166 47 48
52.jpg 551 167 40 38
53.jpg 530 187 40 37
54.jpg 525 166 42 39
55.jpg 560 177 44 38
56.jpg 571 166 43 38
57.jpg 464 268 36 27
58.jpg 494 198 29 29
59.jpg 530 196 30 29
60.jpg 551 207 29 30
61.jpg 538 208 26 28
62.jpg 496 226 15 15
63.jpg 445 263 16 15
64.jpg 481 227 20 20
65.jpg 588 182 15 15
66.jpg 596 119 92 148
67.jpg 493 134 128 146
68.jpg 537 173 158 137
69.jpg 458 133 150 136
70.jpg 471 172 123 128
71.jpg 509 202 57 50
72.jpg 555 212 58 51
73.jpg 552 190 59 51
74.jpg 554 164 58 50
75.jpg 612 140 55 48
76.jpg 616 165 48 45
77.jpg 740 105 47 43
78.jpg 561 221 36 32
79.jpg 540 160 35 32
80.jpg 573 192 37 30
81.jpg 670 132 39 31
82.jpg 546 200 36 30
83.jpg 536 235 26 22
84.jpg 514 192 30 24
85.jpg 570 217 28 23
86.jpg 578 208 26 24
87.jpg 543 220 24 26
88.jpg 439 161 148 153
89.jpg 383 191 170 152
90.jpg 324 162 167 147
91.jpg 295 117 146 133
92.jpg 275 121 120 122
93.jpg 403 146 41 60
94.jpg 475 95 35 46
95.jpg 501 172 42 52
96.jpg 532 167 37 48
97.jpg 607 149 37 41
98.jpg 600 145 54 61
100.jpg 504 222 18 21
101.jpg 490 205 27 28
102.jpg 545 198 28 27
103.jpg 555 190 28 27
104.jpg 571 180 27 28
105.jpg 527 193 20 27
106.jpg 475 239 16 17
107.jpg 514 212 18 19
108.jpg 554 209 16 18
110.jpg 538 208 15 17
111.jpg 365 142 124 172
112.jpg 313 75 124 123
113.jpg 267 196 193 163
114.jpg 210 162 158 136
115.jpg 229 165 111 126
116.jpg 349 124 47 80
117.jpg 393 163 40 57
118.jpg 457 138 45 52
119.jpg 451 164 57 54
120.jpg 450 149 62 55
121.jpg 452 174 64 68
122.jpg 477 191 23 23
123.jpg 468 182 22 23
124.jpg 420 146 35 32
125.jpg 462 199 18 18
126.jpg 533 190 26 23
128.jpg 374 85 134 150
129.jpg 311 113 146 152
130.jpg 346 94 157 149
131.jpg 305 78 157 150
132.jpg 332 123 121 128
133.jpg 392 112 76 84
134.jpg 483 92 83 83
135.jpg 522 144 87 81
136.jpg 479 110 86 84
137.jpg 526 119 76 77
138.jpg 479 174 33 38
139.jpg 449 160 41 41
140.jpg 474 156 41 39
141.jpg 457 163 43 41
142.jpg 425 158 43 40
144.jpg 400 158 25 24
145.jpg 483 153 27 20
146.jpg 484 158 19 19
147.jpg 508 138 33 29
148.jpg 290 156 186 181
149.jpg 192 178 210 177
150.jpg 238 125 171 152
151.jpg 315 160 141 137
152.jpg 265 153 107 118
153.jpg 485 185 85 74
154.jpg 396 144 61 75
155.jpg 386 125 80 71
156.jpg 328 175 73 69
157.jpg 438 154 64 65
158.jpg 359 146 42 39
159.jpg 476 95 44 41
160.jpg 446 133 45 38
161.jpg 491 106 30 28
162.jpg 485 156 46 38
163.jpg 366 243 32 25
164.jpg 466 166 20 21
165.jpg 462 179 21 21
166.jpg 496 154 33 28
168.jpg 383 188 133 139
169.jpg 250 205 148 132
170.jpg 307 143 142 121
171.jpg 311 163 82 86
172.jpg 446 191 49 82
173.jpg 347 184 42 50
174.jpg 474 190 39 43
175.jpg 471 201 63 62
176.jpg 523 189 68 57
177.jpg 602 144 68 59
178.jpg 527 173 62 57
179.jpg 442 187 40 37
180.jpg 475 159 40 36
181.jpg 461 184 39 36
182.jpg 564 177 24 27
183.jpg 580 173 36 37
184.jpg 595 148 37 34
185.jpg 431 199 19 20
186.jpg 476 160 31 30
187.jpg 465 173 20 20
188.jpg 515 141 20 21
189.jpg 516 220 31 26
190.jpg 473 148 101 112
191.jpg 408 112 126 129
192.jpg 363 134 133 117
193.jpg 349 93 67 80
194.jpg 326 127 99 98
195.jpg 612 166 58 54
196.jpg 537 165 58 53
197.jpg 548 160 61 51
198.jpg 556 123 59 53
199.jpg 410 200 35 38
200.jpg 527 241 22 27
201.jpg 518 195 24 24
202.jpg 507 158 37 33
203.jpg 421 136 38 33
204.jpg 391 139 27 26
205.jpg 475 209 17 18
206.jpg 522 162 18 19
207.jpg 570 192 19 18
208.jpg 563 133 19 22
209.jpg 562 135 30 28
210.jpg 549 163 17 18
211.jpg 577 162 14 13
212.jpg 552 146 11 12
213.jpg 475 149 14 15
