1.jpg 270 210 238 249
2.jpg 146 157 295 231
3.jpg 233 158 252 220
4.jpg 367 164 138 201
5.jpg 388 224 89 101
6.jpg 427 211 101 104
7.jpg 348 175 147 129
8.jpg 361 168 147 129
9.jpg 413 172 141 165
9.jpg 413 172 143 144
10.jpg 453 221 77 73
11.jpg 397 198 83 74
12.jpg 410 184 84 76
13.jpg 427 188 77 73
14.jpg 331 220 56 50
15.jpg 428 182 58 53
16.jpg 378 208 64 57
17.jpg 456 207 44 40
18.jpg 421 218 42 37
19.jpg 415 215 31 27
20.jpg 460 208 30 26
21.jpg 432 279 24 22
22.jpg 424 241 23 20
23.jpg 257 183 229 220
24.jpg 285 128 216 184
25.jpg 263 164 207 164
26.jpg 386 155 127 168
27.jpg 337 185 103 91
28.jpg 373 128 121 109
29.jpg 418 99 106 95
30.jpg 424 124 99 92
31.jpg 430 221 55 49
32.jpg 421 238 54 48
33.jpg 455 208 52 46
34.jpg 464 257 38 34
35.jpg 486 216 38 35
36.jpg 480 229 36 32
37.jpg 476 209 38 33
38.jpg 466 244 28 25
39.jpg 446 265 25 24
40.jpg 526 146 109 175
41.jpg 540 117 143 175
42.jpg 548 163 179 170
43.jpg 434 167 179 159
44.jpg 444 151 182 160
45.jpg 496 204 53 81
45.jpg 455 202 89 79
46.jpg 515 172 88 78
47.jpg 568 170 90 78
48.jpg 579 144 83 76
49.jpg 567 173 73 72
50.jpg 529 206 39 39
51.jpg 528 196 39 39
52.jpg 588 134 45 40
53.jpg 602 177 46 39
54.jpg 622 134 48 41
55.jpg 530 158 29 26
56.jpg 515 157 30 26
57.jpg 515 150 28 27
58.jpg 506 219 29 27
59.jpg 537 217 23 19
60.jpg 485 204 22 21
61.jpg 526 205 23 20
62.jpg 581 201 25 21
63.jpg 583 106 188 254
64.jpg 572 100 206 208
65.jpg 496 172 212 180
66.jpg 475 165 192 168
67.jpg 479 159 155 154
68.jpg 461 205 72 67
69.jpg 496 190 75 67
70.jpg 516 138 72 66
71.jpg 525 185 66 61
72.jpg 542 168 60 61
73.jpg 526 237 37 38
74.jpg 507 185 44 39
75.jpg 597 199 47 39
76.jpg 581 202 48 41
77.jpg 554 244 27 29
78.jpg 522 215 31 30
79.jpg 584 170 35 30
80.jpg 558 178 39 33
81.jpg 618 178 31 27
82.jpg 355 172 172 174
83.jpg 360 172 194 181
84.jpg 295 171 192 162
85.jpg 294 165 158 144
86.jpg 360 191 110 124
87.jpg 496 186 57 57
88.jpg 492 157 58 56
89.jpg 496 171 64 57
90.jpg 498 156 62 55
91.jpg 518 157 56 54
92.jpg 486 239 35 32
93.jpg 506 200 35 32
94.jpg 536 175 37 33
95.jpg 624 174 38 34
96.jpg 564 188 41 35
97.jpg 481 187 24 22
98.jpg 520 182 23 20
99.jpg 504 180 24 22
100.jpg 479 179 25 23
101.jpg 517 168 26 26
102.jpg 540 147 133 165
103.jpg 588 116 232 192
104.jpg 374 62 249 235
105.jpg 510 134 116 125
106.jpg 415 175 66 75
107.jpg 434 188 81 71
108.jpg 524 142 76 71
109.jpg 525 147 67 64
110.jpg 595 238 60 55
111.jpg 491 199 44 45
112.jpg 512 206 43 44
113.jpg 441 187 41 40
114.jpg 467 207 36 33
115.jpg 557 159 32 29
116.jpg 522 161 30 29
117.jpg 611 141 115 152
118.jpg 551 125 140 162
119.jpg 462 133 193 180
120.jpg 470 70 190 170
121.jpg 474 100 200 188
122.jpg 466 158 105 89
123.jpg 531 108 104 98
124.jpg 610 97 105 99
125.jpg 683 125 103 97
126.jpg 659 122 97 94
127.jpg 564 180 68 78
128.jpg 532 192 36 43
129.jpg 561 169 41 44
130.jpg 640 194 48 45
131.jpg 557 140 52 48
132.jpg 544 173 52 46
133.jpg 564 206 33 34
134.jpg 498 159 34 34
135.jpg 551 206 34 36
136.jpg 577 180 38 38
137.jpg 599 166 46 36
138.jpg 500 183 39 34
139.jpg 693 145 133 188
140.jpg 661 104 198 187
141.jpg 597 132 223 195
142.jpg 442 121 240 203
143.jpg 491 135 228 198
144.jpg 558 95 69 73
145.jpg 575 91 80 76
146.jpg 557 104 80 80
147.jpg 541 105 96 85
148.jpg 605 84 83 75
149.jpg 634 134 81 71
150.jpg 474 230 42 40
151.jpg 531 142 47 46
152.jpg 490 119 44 43
153.jpg 509 137 56 52
154.jpg 526 112 48 45
155.jpg 516 128 47 43
156.jpg 467 170 37 34
157.jpg 467 146 38 36
158.jpg 497 134 44 42
159.jpg 518 142 41 38
160.jpg 514 116 40 40
161.jpg 532 161 95 129
162.jpg 593 166 118 122
163.jpg 609 132 155 131
164.jpg 532 110 170 146
165.jpg 549 140 169 152
166.jpg 487 104 147 157
167.jpg 479 148 83 84
168.jpg 552 125 88 86
169.jpg 629 161 98 87
170.jpg 667 112 102 86
171.jpg 610 143 98 81
172.jpg 605 148 78 85
173.jpg 530 157 57 51
174.jpg 555 124 58 50
175.jpg 493 100 61 56
176.jpg 464 176 62 59
177.jpg 428 122 64 69
178.jpg 523 232 37 37
179.jpg 524 194 41 37
180.jpg 524 188 41 37
181.jpg 558 180 41 37
182.jpg 538 204 42 38
183.jpg 493 188 33 29
184.jpg 452 133 35 32
185.jpg 464 124 34 32
186.jpg 505 116 33 31
187.jpg 526 143 33 31
188.jpg 410 133 120 160
189.jpg 368 106 149 148
190.jpg 325 127 163 146
191.jpg 292 130 153 142
192.jpg 304 160 129 135
193.jpg 451 235 87 84
194.jpg 446 137 93 89
195.jpg 422 137 90 82
196.jpg 394 155 89 82
197.jpg 366 123 92 84
198.jpg 474 145 71 80
199.jpg 494 215 52 47
200.jpg 492 182 53 49
201.jpg 437 112 54 49
202.jpg 232 152 62 52
203.jpg 368 172 50 46
204.jpg 502 181 39 36
205.jpg 518 161 37 34
206.jpg 387 76 39 36
207.jpg 449 193 37 34
208.jpg 515 158 38 33
209.jpg 425 117 34 30
210.jpg 419 75 38 34
211.jpg 501 139 32 32
212.jpg 504 133 24 22
213.jpg 509 180 23 21
214.jpg 511 132 23 22
215.jpg 529 162 23 21
216.jpg 388 207 21 20
217.jpg 504 177 18 16
218.jpg 431 176 18 17
219.jpg 511 99 19 18
