1.jpg 326 338 68 122
2.jpg 350 342 81 134
3.jpg 344 358 95 131
4.jpg 353 352 92 124
5.jpg 313 337 99 145
6.jpg 300 372 85 156
7.jpg 345 416 55 79
8.jpg 313 349 67 93
9.jpg 307 352 76 93
10.jpg 283 339 73 95
11.jpg 327 372 71 96
12.jpg 357 351 65 95
13.jpg 291 352 53 68
14.jpg 317 336 51 68
15.jpg 290 370 49 62
16.jpg 341 395 47 63
17.jpg 297 388 35 48
18.jpg 321 379 37 46
19.jpg 318 388 36 49
20.jpg 338 384 31 44
21.jpg 244 426 83 115
22.jpg 245 394 84 124
23.jpg 199 393 81 139
24.jpg 215 387 65 138
25.jpg 256 335 56 134
26.jpg 262 390 60 143
27.jpg 235 440 60 89
28.jpg 223 419 65 95
29.jpg 248 400 64 92
30.jpg 221 378 72 100
31.jpg 307 410 64 91
32.jpg 303 420 65 88
33.jpg 284 359 50 69
34.jpg 309 374 48 61
35.jpg 308 388 42 62
36.jpg 287 413 44 60
37.jpg 251 452 35 40
38.jpg 272 416 33 38
39.jpg 271 396 31 44
40.jpg 248 372 33 45
41.jpg 333 390 80 122
42.jpg 277 358 87 133
43.jpg 162 245 316 293
43.jpg 316 413 83 121
44.jpg 324 375 97 147
45.jpg 280 392 95 142
46.jpg 372 419 83 147
47.jpg 331 396 53 78
48.jpg 363 384 54 78
49.jpg 346 398 55 75
50.jpg 358 393 53 71
51.jpg 334 385 51 69
52.jpg 347 392 46 61
53.jpg 317 445 30 45
54.jpg 333 421 32 45
55.jpg 321 411 41 50
56.jpg 382 368 36 48
57.jpg 392 374 28 40
58.jpg 345 393 25 36
59.jpg 346 394 24 34
60.jpg 270 408 25 37
61.jpg 250 356 127 159
62.jpg 173 334 122 179
63.jpg 177 340 114 180
64.jpg 137 326 100 172
65.jpg 149 300 89 183
66.jpg 163 317 89 183
67.jpg 267 358 57 106
68.jpg 278 380 68 110
69.jpg 227 359 77 117
70.jpg 222 370 79 116
71.jpg 208 352 84 119
72.jpg 0 123 372 837
72.jpg 0 123 372 837
73.jpg 267 358 44 72
74.jpg 255 332 46 69
75.jpg 261 347 45 74
76.jpg 288 330 53 79
77.jpg 267 415 34 50
78.jpg 336 400 30 57
79.jpg 298 364 35 57
80.jpg 314 402 34 47
81.jpg 462 366 70 133
82.jpg 482 343 73 139
83.jpg 315 339 93 143
84.jpg 383 297 97 149
85.jpg 301 341 112 154
86.jpg 339 363 107 156
87.jpg 319 387 72 99
88.jpg 362 409 70 93
89.jpg 371 405 68 99
90.jpg 337 405 67 90
91.jpg 357 388 57 94
92.jpg 409 350 63 97
93.jpg 315 432 46 59
94.jpg 323 404 41 58
95.jpg 353 352 47 67
96.jpg 336 367 44 63
97.jpg 360 397 34 45
98.jpg 356 438 32 44
99.jpg 326 387 32 72
99.jpg 326 388 37 48
100.jpg 292 431 42 50
101.jpg 251 452 90 130
102.jpg 235 388 86 136
103.jpg 198 434 105 147
104.jpg 177 427 107 153
105.jpg 199 386 102 153
106.jpg 233 434 80 148
107.jpg 286 421 58 102
108.jpg 250 422 61 94
109.jpg 284 413 63 95
110.jpg 242 400 67 98
111.jpg 241 390 63 89
112.jpg 74 250 566 710
112.jpg 297 372 65 94
113.jpg 259 448 44 57
114.jpg 273 342 44 72
115.jpg 254 399 40 60
116.jpg 269 351 42 79
117.jpg 235 437 28 43
118.jpg 321 428 29 45
119.jpg 304 400 30 45
120.jpg 314 369 27 31
121.jpg 400 338 97 153
122.jpg 279 351 108 158
123.jpg 285 347 111 158
124.jpg 290 354 123 159
125.jpg 288 363 112 152
126.jpg 247 334 117 173
127.jpg 257 406 67 96
128.jpg 315 413 69 95
129.jpg 320 393 64 88
130.jpg 362 376 69 99
131.jpg 366 403 67 86
132.jpg 292 420 61 86
133.jpg 329 406 46 68
134.jpg 354 427 41 59
135.jpg 370 358 38 55
136.jpg 383 376 41 56
137.jpg 334 466 28 39
138.jpg 377 452 28 39
139.jpg 369 407 28 38
140.jpg 323 458 27 38
141.jpg 293 440 83 117
142.jpg 273 410 82 126
143.jpg 189 416 87 121
144.jpg 190 412 87 126
145.jpg 221 422 91 138
146.jpg 266 482 82 146
147.jpg 310 413 44 80
148.jpg 302 418 46 76
149.jpg 318 396 49 81
150.jpg 283 419 52 78
151.jpg 301 413 51 77
152.jpg 315 416 54 78
153.jpg 297 446 36 52
154.jpg 327 405 36 53
155.jpg 336 389 36 54
156.jpg 365 422 14 16
156.jpg 345 414 34 54
157.jpg 252 454 25 44
158.jpg 322 433 26 43
159.jpg 291 451 29 44
160.jpg 252 438 30 43
161.jpg 188 370 117 155
162.jpg 195 371 126 164
163.jpg 145 382 128 173
164.jpg 81 393 129 171
165.jpg 109 332 113 178
166.jpg 239 404 126 170
167.jpg 256 402 50 110
168.jpg 283 436 50 106
169.jpg 253 432 55 96
170.jpg 265 417 58 93
171.jpg 236 330 73 112
172.jpg 251 378 67 99
173.jpg 251 377 67 98
174.jpg 251 370 75 102
175.jpg 237 386 56 76
176.jpg 297 344 54 74
177.jpg 228 364 57 74
178.jpg 229 348 55 73
179.jpg 165 371 51 69
180.jpg 282 360 44 60
181.jpg 349 388 43 60
182.jpg 304 347 55 70
183.jpg 260 420 27 43
184.jpg 278 403 30 43
185.jpg 225 425 33 46
186.jpg 224 370 33 48
187.jpg 269 407 37 51
188.jpg 217 384 39 53
189.jpg 322 414 38 52
190.jpg 311 427 38 53
191.jpg 272 425 13 16
191.jpg 249 417 38 54
192.jpg 296 421 38 52
193.jpg 204 411 39 54
194.jpg 249 449 44 60
195.jpg 251 386 47 65
196.jpg 275 400 44 62
197.jpg 286 412 45 64
198.jpg 266 384 45 67
199.jpg 338 371 41 66
200.jpg 273 401 44 79
201.jpg 272 366 47 87
202.jpg 289 391 53 95
203.jpg 265 420 60 96
204.jpg 252 396 67 100
205.jpg 205 396 74 114
205.jpg 202 399 83 113
206.jpg 212 318 93 121
