1.jpg 290 392 41 40
2.jpg 318 389 46 41
3.jpg 360 371 47 42
4.jpg 361 375 43 41
5.jpg 317 401 54 53
6.jpg 345 387 57 53
7.jpg 318 400 55 58
8.jpg 331 360 65 62
9.jpg 352 412 66 66
10.jpg 282 399 70 70
11.jpg 315 397 76 75
12.jpg 310 405 82 80
13.jpg 281 403 82 74
14.jpg 340 380 76 84
15.jpg 277 384 118 130
16.jpg 304 395 146 146
17.jpg 332 422 157 150
18.jpg 349 389 161 156
19.jpg 361 390 130 139
20.jpg 384 390 106 123
21.jpg 287 425 38 37
22.jpg 271 430 36 38
23.jpg 299 415 36 33
24.jpg 318 385 35 41
25.jpg 247 425 44 49
26.jpg 198 413 49 52
27.jpg 236 412 58 53
28.jpg 277 392 55 52
29.jpg 245 373 75 72
30.jpg 213 398 78 78
31.jpg 231 387 68 73
32.jpg 191 394 66 76
33.jpg 211 425 58 69
34.jpg 233 368 63 80
35.jpg 197 362 73 107
36.jpg 184 370 86 114
37.jpg 247 353 103 122
38.jpg 165 384 134 140
39.jpg 151 388 144 140
40.jpg 231 375 163 151
41.jpg 296 388 37 34
42.jpg 277 395 36 33
43.jpg 304 389 37 32
44.jpg 269 334 38 35
45.jpg 291 347 36 34
46.jpg 270 377 41 41
47.jpg 247 384 47 38
48.jpg 237 339 48 44
49.jpg 216 340 56 52
50.jpg 201 363 64 59
51.jpg 203 343 61 58
52.jpg 232 337 59 60
53.jpg 167 339 57 60
54.jpg 209 344 48 61
55.jpg 160 422 48 69
56.jpg 131 377 64 81
57.jpg 149 428 86 94
58.jpg 126 386 114 107
59.jpg 153 362 67 126
59.jpg 161 361 123 119
60.jpg 196 383 134 124
61.jpg 347 408 34 32
62.jpg 287 414 33 31
63.jpg 346 378 34 31
64.jpg 319 347 35 34
65.jpg 287 351 39 39
66.jpg 333 389 43 42
67.jpg 203 367 48 45
68.jpg 342 391 46 44
69.jpg 346 414 59 58
70.jpg 348 360 65 64
71.jpg 289 383 69 65
72.jpg 365 421 72 67
73.jpg 348 415 73 68
74.jpg 347 411 73 70
75.jpg 218 447 100 100
76.jpg 264 427 111 106
77.jpg 288 419 116 107
78.jpg 303 365 114 107
79.jpg 324 412 106 104
80.jpg 294 387 100 101
81.jpg 347 459 39 36
82.jpg 304 446 38 36
83.jpg 274 432 41 39
84.jpg 335 428 41 41
85.jpg 271 386 44 47
86.jpg 247 423 44 45
87.jpg 225 415 47 48
88.jpg 310 400 47 47
89.jpg 277 420 59 56
90.jpg 270 391 67 66
91.jpg 227 421 65 65
92.jpg 289 384 67 71
93.jpg 276 357 65 73
94.jpg 256 380 63 74
95.jpg 169 401 75 97
96.jpg 150 365 139 142
96.jpg 123 342 142 142
97.jpg 148 356 126 133
98.jpg 176 362 137 140
99.jpg 210 354 142 139
100.jpg 246 330 136 137
101.jpg 364 459 36 35
102.jpg 400 480 38 34
103.jpg 283 447 35 35
104.jpg 334 408 36 33
105.jpg 364 416 9 24
105.jpg 349 409 40 38
106.jpg 302 456 42 41
107.jpg 290 414 44 42
108.jpg 344 414 45 43
109.jpg 363 422 49 49
110.jpg 249 396 56 52
111.jpg 288 467 57 54
112.jpg 292 451 58 54
113.jpg 296 452 58 57
114.jpg 320 398 63 63
115.jpg 211 454 79 78
116.jpg 243 432 88 86
117.jpg 256 490 95 90
118.jpg 315 450 103 97
119.jpg 336 463 108 101
120.jpg 291 394 104 103
121.jpg 306 467 33 33
122.jpg 294 404 30 19
122.jpg 291 402 38 38
123.jpg 279 439 36 35
124.jpg 261 429 36 36
125.jpg 238 451 61 118
125.jpg 213 451 42 44
126.jpg 243 445 45 47
127.jpg 214 421 44 45
128.jpg 286 349 46 48
129.jpg 287 402 52 50
130.jpg 197 416 57 54
131.jpg 258 303 59 57
132.jpg 199 372 60 59
133.jpg 257 355 55 60
134.jpg 221 370 172 75
134.jpg 235 372 51 58
135.jpg 73 421 73 75
136.jpg 149 442 76 86
137.jpg 200 423 91 87
138.jpg 236 436 94 95
139.jpg 214 417 102 99
140.jpg 229 422 115 111
141.jpg 181 352 133 128
142.jpg 280 479 49 47
142.jpg 289 478 42 38
143.jpg 311 388 40 39
144.jpg 295 439 40 41
145.jpg 299 397 46 42
146.jpg 332 460 46 48
147.jpg 257 424 52 50
148.jpg 273 436 50 46
149.jpg 256 414 53 51
150.jpg 335 410 61 60
151.jpg 333 459 64 63
152.jpg 266 421 73 73
153.jpg 285 426 76 72
154.jpg 213 356 91 89
155.jpg 303 385 85 82
156.jpg 247 468 108 117
157.jpg 303 369 128 125
158.jpg 362 374 166 154
159.jpg 340 411 153 146
160.jpg 405 402 144 163
161.jpg 346 402 132 161
162.jpg 356 434 47 46
163.jpg 382 464 10 30
163.jpg 361 454 57 50
164.jpg 363 413 62 58
165.jpg 500 405 69 60
166.jpg 270 437 62 73
167.jpg 320 412 64 56
168.jpg 350 419 75 67
169.jpg 379 412 81 78
170.jpg 399 430 86 86
171.jpg 305 416 92 99
172.jpg 331 426 105 103
173.jpg 290 397 117 114
174.jpg 241 385 120 112
175.jpg 211 385 129 120
176.jpg 259 455 152 150
177.jpg 251 451 108 134
178.jpg 309 434 143 151
180.jpg 356 384 192 180
181.jpg 329 395 204 210
182.jpg 200 418 113 106
183.jpg 212 430 110 102
184.jpg 113 403 122 114
185.jpg 101 420 116 113
186.jpg 79 400 111 122
187.jpg 146 374 95 132
188.jpg 238 402 55 94
189.jpg 250 427 53 86
190.jpg 246 481 55 83
191.jpg 233 444 64 82
192.jpg 252 438 71 82
193.jpg 279 440 79 81
194.jpg 255 400 65 66
195.jpg 263 408 59 62
196.jpg 232 404 55 62
197.jpg 280 409 50 59
198.jpg 357 406 40 49
199.jpg 305 456 40 45
200.jpg 297 408 39 44
201.jpg 304 458 40 42
