1.jpg 428 154 138 265
2.jpg 288 138 201 243
3.jpg 253 143 224 224
4.jpg 194 129 246 219
5.jpg 156 109 191 204
6.jpg 318 128 123 180
7.jpg 276 151 130 124
8.jpg 436 200 118 110
9.jpg 453 214 106 94
10.jpg 433 191 107 97
11.jpg 391 224 98 104
12.jpg 428 213 81 103
13.jpg 399 213 71 68
14.jpg 451 200 71 64
15.jpg 475 181 65 62
16.jpg 480 236 62 56
17.jpg 410 234 41 35
18.jpg 429 234 38 33
19.jpg 388 242 48 42
20.jpg 415 242 34 26
21.jpg 401 189 126 193
22.jpg 328 171 160 209
23.jpg 293 173 196 200
24.jpg 182 140 195 176
25.jpg 307 155 80 150
26.jpg 463 207 33 89
27.jpg 468 192 43 78
28.jpg 445 203 59 75
29.jpg 450 194 75 78
30.jpg 347 209 100 88
31.jpg 348 189 89 93
32.jpg 426 209 39 69
33.jpg 475 233 41 47
34.jpg 406 238 56 45
35.jpg 493 224 58 55
36.jpg 481 253 46 39
37.jpg 426 242 38 32
38.jpg 453 233 37 31
39.jpg 402 195 35 30
40.jpg 373 238 33 28
41.jpg 431 228 42 34
42.jpg 493 222 39 32
43.jpg 525 201 37 32
44.jpg 493 235 44 38
45.jpg 413 230 73 67
46.jpg 384 181 76 67
47.jpg 375 293 51 43
48.jpg 486 215 71 74
49.jpg 357 195 98 88
50.jpg 377 169 103 93
51.jpg 406 199 90 80
52.jpg 394 191 75 83
53.jpg 414 216 63 87
54.jpg 413 198 65 97
55.jpg 500 212 52 82
56.jpg 442 172 120 136
57.jpg 442 187 162 143
58.jpg 453 190 146 162
59.jpg 426 213 112 149
60.jpg 450 190 62 138
61.jpg 369 196 78 199
62.jpg 291 191 153 216
63.jpg 229 138 208 197
64.jpg 199 185 198 167
65.jpg 384 175 134 138
66.jpg 500 160 66 138
67.jpg 517 152 57 125
68.jpg 460 182 49 67
69.jpg 526 156 64 67
70.jpg 434 140 106 101
71.jpg 492 198 106 97
72.jpg 420 217 103 98
73.jpg 461 176 96 100
74.jpg 435 235 69 66
75.jpg 468 190 64 60
76.jpg 401 180 71 63
77.jpg 420 193 47 40
78.jpg 480 199 53 49
79.jpg 449 176 38 33
80.jpg 451 186 37 30
81.jpg 548 209 36 30
82.jpg 397 207 87 161
83.jpg 410 183 132 159
84.jpg 337 192 200 188
85.jpg 263 173 203 192
86.jpg 322 171 158 271
87.jpg 329 135 140 234
88.jpg 384 207 128 116
89.jpg 417 196 117 105
90.jpg 411 183 102 102
91.jpg 465 261 86 90
92.jpg 484 275 54 56
93.jpg 437 270 83 76
94.jpg 315 231 85 75
95.jpg 262 420 80 80
96.jpg 382 154 63 58
97.jpg 352 161 57 53
98.jpg 389 133 52 47
99.jpg 439 99 38 33
100.jpg 306 118 170 220
101.jpg 263 151 196 198
102.jpg 254 129 206 180
103.jpg 219 88 186 169
104.jpg 272 178 97 109
105.jpg 361 114 60 141
106.jpg 479 135 71 91
107.jpg 432 140 80 90
108.jpg 442 168 106 95
109.jpg 342 137 114 100
110.jpg 381 142 95 110
111.jpg 387 190 34 79
112.jpg 324 143 64 58
113.jpg 360 160 63 57
114.jpg 445 181 62 56
115.jpg 533 196 61 58
116.jpg 412 213 52 49
117.jpg 480 174 57 45
118.jpg 422 194 54 44
119.jpg 434 152 40 39
120.jpg 380 212 100 108
121.jpg 400 128 117 115
122.jpg 366 141 135 122
123.jpg 223 127 151 131
124.jpg 374 128 91 116
125.jpg 311 133 60 116
126.jpg 449 187 60 66
127.jpg 440 187 64 60
128.jpg 302 166 84 72
129.jpg 419 147 85 77
130.jpg 425 173 81 77
131.jpg 535 160 62 76
132.jpg 373 161 53 71
133.jpg 470 158 50 60
134.jpg 525 151 48 40
135.jpg 519 177 48 39
136.jpg 476 140 54 51
137.jpg 566 172 44 44
138.jpg 439 139 49 51
139.jpg 456 214 34 28
140.jpg 376 195 69 146
141.jpg 297 183 139 159
142.jpg 294 172 208 179
143.jpg 398 142 181 195
144.jpg 409 142 140 192
145.jpg 431 227 69 110
146.jpg 339 170 105 113
147.jpg 424 181 98 100
148.jpg 370 205 101 92
149.jpg 440 168 92 88
150.jpg 480 174 73 79
151.jpg 389 169 66 77
152.jpg 441 192 49 60
153.jpg 490 171 60 61
154.jpg 424 129 77 71
155.jpg 505 200 70 67
156.jpg 441 191 52 54
157.jpg 450 200 42 35
158.jpg 454 229 59 56
159.jpg 432 268 60 54
160.jpg 274 220 139 183
161.jpg 262 148 176 151
162.jpg 386 120 136 150
163.jpg 350 175 85 90
164.jpg 439 184 39 79
165.jpg 449 159 24 81
166.jpg 400 178 74 94
167.jpg 420 133 88 95
168.jpg 383 168 115 103
169.jpg 411 164 107 98
170.jpg 214 130 112 106
171.jpg 381 183 64 60
172.jpg 426 147 61 57
173.jpg 480 145 61 56
174.jpg 458 180 59 54
175.jpg 429 159 36 33
176.jpg 449 176 33 29
177.jpg 434 178 35 28
178.jpg 446 183 31 26
179.jpg 453 161 29 23
180.jpg 312 264 99 128
181.jpg 289 176 122 108
182.jpg 261 140 135 111
183.jpg 275 134 95 102
184.jpg 407 148 68 92
185.jpg 564 174 58 79
186.jpg 385 172 48 59
187.jpg 379 172 55 57
188.jpg 365 174 71 60
189.jpg 359 185 69 63
190.jpg 451 132 72 66
191.jpg 419 176 76 69
192.jpg 398 166 76 69
193.jpg 418 229 43 64
194.jpg 296 166 73 61
195.jpg 488 136 66 62
196.jpg 367 143 60 54
197.jpg 368 209 45 39
198.jpg 288 202 44 38
199.jpg 317 244 33 27
