1.jpg 373 201 148 131
2.jpg 408 219 106 119
3.jpg 356 221 111 121
4.jpg 391 251 94 86
5.jpg 435 258 70 71
6.jpg 306 163 81 77
7.jpg 581 132 70 65
8.jpg 298 193 61 62
9.jpg 242 143 55 51
10.jpg 567 191 47 41
11.jpg 386 207 43 39
12.jpg 439 237 37 34
13.jpg 467 105 216 192
14.jpg 436 143 199 204
15.jpg 257 109 144 170
16.jpg 409 190 134 123
17.jpg 578 149 108 101
18.jpg 269 148 92 106
19.jpg 392 196 87 77
20.jpg 588 181 68 63
21.jpg 275 169 75 74
22.jpg 444 188 49 46
23.jpg 603 178 49 46
24.jpg 281 170 47 52
25.jpg 532 149 121 114
26.jpg 249 200 98 99
27.jpg 613 172 66 74
28.jpg 601 188 45 45
29.jpg 460 177 70 62
30.jpg 278 187 59 60
31.jpg 458 188 54 49
32.jpg 607 187 45 45
33.jpg 285 183 48 51
34.jpg 453 192 47 42
35.jpg 552 219 34 31
36.jpg 279 207 48 45
37.jpg 411 157 127 113
38.jpg 254 161 100 106
39.jpg 601 166 69 97
40.jpg 429 187 91 82
41.jpg 296 176 80 78
42.jpg 594 166 58 64
43.jpg 432 186 57 52
44.jpg 518 191 56 49
45.jpg 593 201 34 39
46.jpg 426 147 43 40
47.jpg 522 186 44 40
48.jpg 580 200 34 36
49.jpg 376 105 150 137
50.jpg 512 163 101 122
51.jpg 257 139 101 109
52.jpg 424 155 88 82
53.jpg 587 177 56 67
54.jpg 274 172 68 64
55.jpg 381 153 99 89
56.jpg 281 166 79 81
57.jpg 586 159 77 75
58.jpg 449 188 73 66
59.jpg 549 170 49 51
60.jpg 604 183 63 57
61.jpg 474 194 49 44
62.jpg 334 196 48 43
63.jpg 554 214 38 35
64.jpg 422 124 150 134
65.jpg 367 123 132 132
66.jpg 568 152 128 122
67.jpg 472 174 104 90
68.jpg 344 173 96 89
69.jpg 590 174 78 78
70.jpg 296 189 66 56
71.jpg 605 192 59 52
72.jpg 510 203 51 49
73.jpg 436 207 46 42
74.jpg 554 206 42 41
75.jpg 299 212 44 37
76.jpg 497 210 39 35
77.jpg 342 190 38 36
78.jpg 647 202 38 32
79.jpg 387 132 135 123
80.jpg 592 148 79 98
81.jpg 212 132 133 118
82.jpg 441 166 87 80
83.jpg 532 181 58 56
84.jpg 359 175 69 58
85.jpg 439 173 70 64
86.jpg 403 185 73 65
87.jpg 585 174 43 47
88.jpg 468 209 48 44
89.jpg 456 200 31 28
90.jpg 466 225 35 40
91.jpg 462 97 141 129
92.jpg 590 130 107 114
93.jpg 276 154 88 99
94.jpg 439 200 83 75
95.jpg 457 174 74 71
96.jpg 285 175 59 58
97.jpg 485 212 62 56
98.jpg 277 173 55 51
99.jpg 471 204 48 43
100.jpg 322 196 44 39
101.jpg 439 218 40 35
102.jpg 342 186 37 34
103.jpg 428 161 161 144
104.jpg 300 152 114 120
105.jpg 566 158 104 122
106.jpg 424 171 119 131
107.jpg 401 199 75 80
108.jpg 576 208 64 68
109.jpg 443 161 65 52
110.jpg 298 180 58 55
111.jpg 615 180 51 51
112.jpg 436 177 55 49
113.jpg 395 194 51 46
114.jpg 586 194 47 46
115.jpg 467 213 43 39
116.jpg 614 183 40 39
117.jpg 396 208 32 28
118.jpg 400 149 154 140
119.jpg 314 136 113 127
120.jpg 571 148 104 120
121.jpg 426 109 114 104
122.jpg 278 150 104 104
123.jpg 580 176 71 72
124.jpg 429 183 72 64
125.jpg 422 178 78 76
126.jpg 560 190 61 59
127.jpg 468 222 43 39
128.jpg 667 184 45 42
129.jpg 321 183 50 45
130.jpg 486 197 34 31
131.jpg 422 141 172 154
132.jpg 293 141 157 155
133.jpg 591 121 158 151
134.jpg 422 186 106 94
135.jpg 322 162 99 96
136.jpg 597 194 99 88
137.jpg 426 187 78 70
138.jpg 296 172 76 70
139.jpg 576 184 67 58
140.jpg 475 151 51 44
141.jpg 517 190 45 41
142.jpg 376 185 43 40
143.jpg 460 188 36 34
144.jpg 383 124 186 162
145.jpg 334 127 124 147
146.jpg 514 162 106 117
147.jpg 433 169 93 83
148.jpg 370 173 76 76
149.jpg 454 182 70 69
150.jpg 457 158 66 59
151.jpg 364 176 57 54
152.jpg 463 186 48 50
153.jpg 445 200 46 42
154.jpg 526 210 43 38
155.jpg 519 215 36 37
156.jpg 440 213 38 35
157.jpg 392 149 144 127
158.jpg 286 178 97 104
159.jpg 528 170 75 81
160.jpg 444 152 87 73
161.jpg 338 187 72 74
162.jpg 583 179 71 66
163.jpg 450 203 43 38
164.jpg 595 198 47 42
165.jpg 368 201 44 37
166.jpg 502 179 33 30
167.jpg 588 191 36 32
168.jpg 424 150 137 122
169.jpg 402 178 109 91
170.jpg 592 184 81 103
171.jpg 440 130 99 90
172.jpg 340 203 72 51
173.jpg 603 179 66 67
174.jpg 456 185 53 43
175.jpg 500 227 45 41
176.jpg 605 192 45 43
177.jpg 480 228 33 27
178.jpg 403 120 167 150
179.jpg 363 134 139 149
180.jpg 554 145 126 138
181.jpg 449 164 110 97
182.jpg 610 153 110 100
183.jpg 540 148 98 90
184.jpg 416 173 100 88
185.jpg 375 155 95 91
186.jpg 606 184 88 83
187.jpg 454 166 61 56
188.jpg 665 187 54 47
189.jpg 602 182 48 46
190.jpg 454 141 42 38
191.jpg 588 190 35 32
192.jpg 591 191 40 37
193.jpg 395 136 175 158
194.jpg 352 126 135 146
195.jpg 485 151 97 120
196.jpg 419 177 120 106
197.jpg 315 173 99 94
198.jpg 558 172 87 90
199.jpg 482 154 90 83
200.jpg 433 163 82 78
201.jpg 398 173 68 70
