1.jpg 585 210 92 149
2.jpg 570 169 156 167
3.jpg 547 226 229 166
4.jpg 533 253 256 192
5.jpg 453 230 126 110
6.jpg 541 205 133 105
7.jpg 557 207 136 100
8.jpg 617 182 126 101
9.jpg 620 196 103 100
10.jpg 594 185 74 100
11.jpg 481 192 55 60
12.jpg 507 211 68 62
13.jpg 510 223 84 62
14.jpg 555 188 92 65
15.jpg 592 176 88 65
16.jpg 440 256 58 42
17.jpg 532 238 55 43
19.jpg 524 239 40 31
20.jpg 501 286 32 25
22.jpg 532 292 25 19
24.jpg 541 211 100 132
25.jpg 532 162 137 148
26.jpg 475 125 187 153
27.jpg 520 183 202 146
28.jpg 457 211 157 137
29.jpg 478 265 92 71
30.jpg 544 208 96 70
31.jpg 563 213 93 69
32.jpg 606 195 92 69
33.jpg 585 220 77 60
34.jpg 493 247 44 35
35.jpg 492 221 43 32
36.jpg 555 195 43 32
37.jpg 616 163 45 32
38.jpg 644 204 46 34
39.jpg 517 254 39 25
40.jpg 557 205 35 25
41.jpg 524 208 32 24
42.jpg 496 241 25 20
43.jpg 497 232 25 16
44.jpg 611 226 26 18
45.jpg 590 171 94 93
46.jpg 557 160 102 94
47.jpg 530 156 107 95
48.jpg 513 174 120 89
49.jpg 491 149 122 89
50.jpg 573 213 59 45
51.jpg 564 155 65 46
52.jpg 585 166 71 48
53.jpg 590 155 69 46
54.jpg 598 137 74 52
55.jpg 517 192 37 31
56.jpg 562 182 39 33
57.jpg 637 143 41 33
58.jpg 639 174 43 31
59.jpg 666 172 47 32
62.jpg 538 199 27 22
63.jpg 591 192 27 20
64.jpg 625 169 28 21
65.jpg 502 214 22 18
66.jpg 478 213 24 16
68.jpg 332 192 230 195
69.jpg 264 182 252 190
70.jpg 283 186 183 142
71.jpg 290 185 147 134
72.jpg 354 214 87 120
74.jpg 354 164 80 72
75.jpg 375 166 93 72
76.jpg 410 187 96 73
77.jpg 459 186 90 69
78.jpg 408 272 51 37
79.jpg 478 239 54 40
80.jpg 452 235 58 45
81.jpg 484 210 53 44
82.jpg 431 273 40 31
85.jpg 493 244 41 33
86.jpg 488 218 29 22
87.jpg 513 222 30 21
88.jpg 453 225 34 26
89.jpg 643 207 186 175
90.jpg 518 180 217 179
91.jpg 485 172 226 151
92.jpg 459 184 211 146
93.jpg 392 162 175 145
94.jpg 480 249 84 66
95.jpg 476 218 86 65
96.jpg 564 152 94 67
97.jpg 586 167 92 64
98.jpg 578 203 92 61
99.jpg 615 204 85 62
100.jpg 602 244 53 37
101.jpg 509 248 52 38
102.jpg 528 245 57 40
103.jpg 540 190 62 47
104.jpg 595 218 62 51
105.jpg 606 216 63 49
106.jpg 499 249 35 29
107.jpg 541 235 39 31
108.jpg 543 215 39 27
109.jpg 546 192 39 29
110.jpg 466 188 38 28
111.jpg 506 191 27 20
112.jpg 542 223 28 22
113.jpg 537 199 28 22
114.jpg 467 186 29 23
115.jpg 589 201 29 23
116.jpg 615 136 86 142
117.jpg 452 51 153 149
118.jpg 510 175 233 168
119.jpg 448 197 201 147
120.jpg 403 125 167 159
121.jpg 437 175 69 64
122.jpg 557 179 74 61
123.jpg 511 151 84 61
124.jpg 489 160 90 70
125.jpg 576 124 81 59
126.jpg 573 140 63 57
127.jpg 542 154 47 43
128.jpg 520 204 46 37
129.jpg 456 181 46 35
130.jpg 472 218 39 29
131.jpg 484 200 36 29
132.jpg 433 160 36 29
134.jpg 528 223 106 102
135.jpg 487 175 114 118
136.jpg 501 169 148 124
138.jpg 518 135 191 148
139.jpg 447 176 205 140
140.jpg 550 211 96 72
141.jpg 604 173 103 71
142.jpg 658 147 96 73
143.jpg 716 140 93 87
144.jpg 672 156 54 57
146.jpg 516 143 46 32
147.jpg 531 158 47 37
148.jpg 504 147 51 59
149.jpg 357 121 53 39
150.jpg 454 179 54 39
155.jpg 540 156 34 17
156.jpg 619 120 139 172
157.jpg 592 120 176 175
158.jpg 501 116 213 181
159.jpg 501 126 236 167
160.jpg 406 38 203 169
161.jpg 590 168 72 63
162.jpg 528 96 70 61
163.jpg 581 100 79 60
164.jpg 448 107 92 73
165.jpg 442 100 97 75
166.jpg 597 190 50 40
167.jpg 509 112 51 42
168.jpg 499 116 54 41
169.jpg 488 124 55 42
170.jpg 510 148 58 44
171.jpg 538 218 39 32
172.jpg 483 114 47 34
173.jpg 467 170 36 27
174.jpg 527 167 43 33
175.jpg 437 134 47 37
176.jpg 433 179 51 40
177.jpg 614 206 84 111
178.jpg 604 135 115 122
179.jpg 624 141 158 131
180.jpg 520 194 163 123
181.jpg 515 174 193 138
182.jpg 435 104 197 170
183.jpg 455 219 92 73
184.jpg 504 250 102 74
185.jpg 591 185 108 85
186.jpg 660 182 98 78
187.jpg 559 162 86 73
188.jpg 597 178 71 73
189.jpg 511 168 49 52
190.jpg 513 124 61 56
191.jpg 624 212 66 53
192.jpg 687 133 74 58
193.jpg 637 159 74 55
194.jpg 555 172 75 59
195.jpg 540 243 66 52
196.jpg 443 226 43 33
197.jpg 578 149 46 37
198.jpg 553 177 44 33
199.jpg 539 176 45 34
200.jpg 548 195 42 32
201.jpg 466 144 142 129
202.jpg 408 158 164 131
203.jpg 282 161 176 125
204.jpg 331 133 159 121
205.jpg 300 157 130 123
206.jpg 624 110 85 68
207.jpg 579 122 86 67
208.jpg 483 93 83 61
209.jpg 496 149 78 57
210.jpg 441 146 69 57
211.jpg 512 180 40 31
212.jpg 493 167 40 31
213.jpg 468 176 43 31
215.jpg 467 155 46 38
216.jpg 439 176 35 38
217.jpg 426 143 32 27
218.jpg 473 136 31 23
219.jpg 500 151 33 24
220.jpg 423 139 29 30
