1.jpg 483 203 100 129
2.jpg 466 174 132 134
3.jpg 563 200 168 143
4.jpg 478 168 110 132
5.jpg 550 183 85 127
6.jpg 601 236 38 116
7.jpg 418 219 52 82
8.jpg 482 267 58 53
9.jpg 469 246 59 53
10.jpg 462 264 56 48
11.jpg 410 245 68 63
12.jpg 520 264 76 97
13.jpg 485 235 34 37
14.jpg 519 216 60 46
15.jpg 519 251 45 41
16.jpg 583 233 43 44
17.jpg 494 235 35 32
18.jpg 485 207 36 31
19.jpg 424 198 30 28
20.jpg 536 218 31 27
21.jpg 395 160 108 163
22.jpg 352 116 145 173
23.jpg 232 108 195 180
24.jpg 190 174 143 159
25.jpg 323 162 86 142
26.jpg 351 135 40 131
27.jpg 447 164 45 88
28.jpg 468 156 58 83
29.jpg 445 149 76 91
30.jpg 446 143 94 94
31.jpg 513 118 93 102
32.jpg 526 137 71 95
33.jpg 404 191 50 55
34.jpg 381 206 59 54
35.jpg 398 222 53 50
36.jpg 459 235 48 49
37.jpg 457 196 36 39
38.jpg 350 205 42 38
39.jpg 356 203 40 37
40.jpg 353 206 39 37
41.jpg 476 209 40 43
42.jpg 381 191 36 37
43.jpg 389 224 42 34
44.jpg 489 197 36 32
45.jpg 464 213 40 38
46.jpg 497 234 32 30
46.jpg 494 225 46 41
47.jpg 474 219 51 47
48.jpg 474 190 44 51
49.jpg 505 192 36 61
50.jpg 443 210 53 71
51.jpg 476 193 75 79
52.jpg 496 168 86 78
53.jpg 519 179 87 79
54.jpg 451 170 79 83
55.jpg 515 200 82 126
56.jpg 490 136 144 159
57.jpg 559 142 184 168
58.jpg 624 102 93 157
59.jpg 587 146 39 118
60.jpg 519 156 27 112
61.jpg 522 233 42 39
62.jpg 493 245 43 38
63.jpg 522 209 42 40
64.jpg 589 195 46 41
65.jpg 510 198 50 50
66.jpg 523 196 53 46
67.jpg 493 173 64 61
68.jpg 473 167 56 65
69.jpg 579 171 31 66
70.jpg 457 139 59 81
71.jpg 534 166 96 92
72.jpg 507 140 121 107
73.jpg 474 133 99 105
74.jpg 487 128 79 106
75.jpg 522 128 86 131
76.jpg 516 122 144 153
77.jpg 541 115 200 175
78.jpg 621 155 118 143
79.jpg 664 161 76 119
80.jpg 490 121 45 113
81.jpg 433 242 122 130
82.jpg 394 227 129 121
83.jpg 308 223 128 110
84.jpg 213 276 125 110
85.jpg 259 284 95 97
86.jpg 265 309 69 83
87.jpg 138 274 86 99
88.jpg 366 306 45 54
89.jpg 362 278 53 56
90.jpg 319 273 39 41
91.jpg 351 269 70 60
92.jpg 344 312 65 56
93.jpg 351 316 65 60
94.jpg 356 334 60 67
95.jpg 446 284 45 40
96.jpg 448 320 40 35
97.jpg 452 381 38 37
98.jpg 464 373 34 35
99.jpg 435 352 20 21
100.jpg 400 343 43 42
101.jpg 427 229 40 104
102.jpg 392 181 65 108
103.jpg 366 181 100 122
104.jpg 402 201 92 88
104.jpg 391 166 134 134
105.jpg 388 156 159 139
106.jpg 617 173 96 160
107.jpg 517 200 91 96
108.jpg 626 174 108 100
109.jpg 449 135 97 87
110.jpg 450 136 77 82
111.jpg 533 137 57 81
112.jpg 575 143 30 89
113.jpg 487 151 45 55
114.jpg 477 199 46 52
115.jpg 473 187 55 53
116.jpg 578 202 56 51
117.jpg 613 203 45 39
118.jpg 679 200 50 37
119.jpg 647 208 38 30
120.jpg 746 190 35 29
121.jpg 480 215 31 29
122.jpg 501 220 32 29
123.jpg 505 253 33 29
124.jpg 480 216 35 32
125.jpg 403 232 39 36
126.jpg 487 220 43 38
127.jpg 461 200 46 41
128.jpg 515 227 45 43
129.jpg 534 182 54 62
130.jpg 441 132 68 67
131.jpg 483 154 77 72
132.jpg 503 166 86 80
133.jpg 490 170 92 96
134.jpg 473 185 78 113
135.jpg 530 178 120 129
136.jpg 551 71 162 154
137.jpg 595 88 161 154
138.jpg 687 112 54 122
139.jpg 552 117 124 122
140.jpg 394 191 24 48
141.jpg 550 79 111 117
142.jpg 560 132 64 107
143.jpg 571 90 112 120
144.jpg 517 106 133 130
145.jpg 607 132 101 119
146.jpg 579 142 50 96
147.jpg 577 132 54 72
148.jpg 457 159 72 79
149.jpg 518 211 79 70
150.jpg 418 170 70 69
151.jpg 402 165 45 56
152.jpg 477 188 39 54
153.jpg 528 179 40 40
154.jpg 495 203 46 46
155.jpg 433 184 46 48
156.jpg 561 158 34 46
157.jpg 476 174 35 36
158.jpg 493 161 39 37
159.jpg 497 148 41 34
160.jpg 523 207 33 30
161.jpg 526 185 35 31
162.jpg 555 224 39 29
163.jpg 427 244 40 30
164.jpg 456 262 39 33
165.jpg 409 236 34 36
166.jpg 457 225 47 42
167.jpg 501 182 48 46
168.jpg 456 165 54 49
169.jpg 398 205 50 58
170.jpg 526 207 57 66
171.jpg 358 161 80 74
172.jpg 402 117 94 92
173.jpg 268 169 88 94
174.jpg 359 236 82 92
175.jpg 386 207 93 148
176.jpg 234 123 174 181
177.jpg 221 122 178 163
178.jpg 259 93 147 149
179.jpg 294 126 106 135
180.jpg 396 148 67 124182.jpg 458 171 142 145
183.jpg 386 174 146 133
184.jpg 427 165 122 125
185.jpg 438 147 99 125
186.jpg 383 203 49 117
187.jpg 444 226 79 81
188.jpg 545 113 91 87
189.jpg 499 96 83 77
190.jpg 485 137 64 69
191.jpg 476 128 59 71
192.jpg 518 147 55 58
193.jpg 498 120 57 57
194.jpg 356 84 60 58
195.jpg 501 179 61 56
196.jpg 515 135 52 49
197.jpg 492 188 38 36
198.jpg 476 180 37 35
199.jpg 390 135 36 34
200.jpg 551 236 29 27
