1.jpg 468 299 61 146
2.jpg 462 244 99 174
3.jpg 360 259 155 175
4.jpg 250 271 196 178
5.jpg 266 249 196 176
6.jpg 362 303 149 208
7.jpg 448 294 80 105
8.jpg 398 263 99 106
9.jpg 267 240 126 113
10.jpg 396 215 103 103
11.jpg 177 190 72 106
12.jpg 381 232 65 86
13.jpg 413 254 88 82
14.jpg 437 294 87 79
15.jpg 450 204 61 55
16.jpg 392 278 59 54
17.jpg 331 263 48 52
18.jpg 415 246 110 136
19.jpg 318 273 141 133
20.jpg 281 226 140 122
21.jpg 405 248 112 112
22.jpg 407 213 83 110
24.jpg 432 282 47 82
25.jpg 444 289 65 83
26.jpg 366 257 82 83
27.jpg 334 229 95 89
28.jpg 316 194 101 90
29.jpg 352 270 90 91
30.jpg 496 260 72 66
31.jpg 404 269 70 63
32.jpg 406 350 34 47
33.jpg 374 328 26 36
34.jpg 443 330 29 37
34.jpg 438 326 46 44
35.jpg 438 276 51 49
36.jpg 419 286 125 175
37.jpg 238 258 157 162
38.jpg 161 215 180 157
39.jpg 328 233 143 134
40.jpg 275 241 114 130
41.jpg 341 204 37 120
42.jpg 370 248 38 89
43.jpg 407 246 63 91
44.jpg 328 289 84 93
45.jpg 284 284 105 100
46.jpg 342 305 119 105
47.jpg 411 288 112 110
48.jpg 367 249 78 71
49.jpg 391 288 70 63
50.jpg 380 277 48 57
51.jpg 413 295 47 46
52.jpg 450 285 46 44
53.jpg 363 320 55 48
54.jpg 309 262 114 173
55.jpg 341 234 181 188
56.jpg 325 209 227 186
57.jpg 306 221 216 206
58.jpg 346 285 138 208
59.jpg 349 294 90 137
60.jpg 293 275 118 122
61.jpg 255 275 131 118
62.jpg 298 250 135 115
63.jpg 349 198 128 120
64.jpg 328 250 110 124
65.jpg 415 255 36 108
66.jpg 383 304 70 65
67.jpg 400 300 44 53
68.jpg 399 323 65 62
69.jpg 451 331 30 35
70.jpg 414 322 53 48
71.jpg 382 280 32 39
72.jpg 507 232 31 154
73.jpg 523 238 33 154
74.jpg 421 218 107 159
75.jpg 415 174 174 162
76.jpg 499 201 102 139
77.jpg 496 205 61 149
78.jpg 509 180 75 104
79.jpg 455 204 97 92
80.jpg 474 188 63 73
81.jpg 449 149 93 90
82.jpg 442 170 54 84
83.jpg 439 233 39 48
84.jpg 462 257 41 48
85.jpg 535 216 46 50
86.jpg 602 237 45 51
87.jpg 496 227 37 42
88.jpg 527 214 35 41
89.jpg 467 216 37 38
90.jpg 474 220 30 35
91.jpg 494 217 68 124
92.jpg 577 187 140 147
93.jpg 529 175 137 127
94.jpg 571 187 79 116
95.jpg 588 165 40 107
96.jpg 519 192 27 86
97.jpg 506 172 42 75
98.jpg 555 194 54 72
99.jpg 596 205 72 77
100.jpg 559 194 90 82
101.jpg 557 197 97 86
102.jpg 550 220 45 73
103.jpg 499 203 58 61
104.jpg 505 180 64 62
106.jpg 482 230 38 44
107.jpg 541 242 31 34
108.jpg 466 221 30 33
109.jpg 580 221 30 33
110.jpg 518 214 28 30
111.jpg 505 214 25 29
112.jpg 562 220 22 96
113.jpg 508 196 65 127
114.jpg 520 217 115 136
115.jpg 495 213 146 141
116.jpg 464 203 166 146
117.jpg 442 220 104 126
118.jpg 446 210 96 145
119.jpg 517 182 81 98
120.jpg 550 212 62 73
121.jpg 523 221 96 85
122.jpg 485 219 95 87
123.jpg 494 210 52 83
124.jpg 492 193 32 56
125.jpg 509 195 62 59
126.jpg 498 198 42 48
127.jpg 522 199 46 49
128.jpg 488 205 45 50
129.jpg 579 189 47 51
130.jpg 511 231 35 39
131.jpg 468 239 33 36
132.jpg 498 144 38 128
133.jpg 512 187 86 142
134.jpg 497 146 185 168
135.jpg 511 121 177 171
136.jpg 534 197 107 148
137.jpg 543 201 79 146
138.jpg 477 199 111 101
139.jpg 456 169 103 93
140.jpg 543 198 88 80
141.jpg 497 184 76 75
142.jpg 430 210 60 65
143.jpg 506 230 41 48
144.jpg 601 238 42 47
145.jpg 547 232 39 45
146.jpg 512 228 34 40
147.jpg 517 209 32 36
148.jpg 472 202 29 35
149.jpg 491 203 26 30
150.jpg 637 228 27 31
151.jpg 580 234 24 27
152.jpg 526 257 98 119
153.jpg 476 266 105 109
154.jpg 500 211 112 105
155.jpg 440 212 116 106
156.jpg 462 207 110 105
157.jpg 496 182 73 102
158.jpg 476 248 33 71
159.jpg 496 212 58 75
160.jpg 548 232 71 77
161.jpg 550 206 97 86
162.jpg 540 197 101 90
163.jpg 514 211 66 86
164.jpg 596 201 60 84
165.jpg 514 198 64 63
166.jpg 459 207 46 52
167.jpg 379 160 62 60
168.jpg 393 222 35 39
169.jpg 487 192 39 47
170.jpg 529 199 45 49
171.jpg 560 214 44 42
172.jpg 491 164 53 155
174.jpg 476 195 133 149
175.jpg 388 166 148 175
176.jpg 390 144 90 161
177.jpg 422 186 59 127
178.jpg 514 211 39 77
179.jpg 506 197 64 82
180.jpg 496 200 100 96
181.jpg 519 164 119 113
182.jpg 592 170 101 109
183.jpg 495 177 28 70
184.jpg 502 183 19 52
185.jpg 499 259 30 40
186.jpg 543 214 35 43
187.jpg 468 223 41 46
188.jpg 457 181 42 48
189.jpg 529 252 25 33
190.jpg 503 198 26 32
191.jpg 491 220 24 30
192.jpg 416 196 53 50
193.jpg 392 229 63 57
194.jpg 347 232 73 63
195.jpg 402 184 94 89
196.jpg 403 160 103 99
197.jpg 438 167 87 103
198.jpg 389 165 82 108
199.jpg 339 141 144 174
200.jpg 319 160 235 212
201.jpg 411 188 115 186
