1.jpg 321 404 25 27
2.jpg 243 357 29 24
3.jpg 229 328 33 30
4.jpg 289 345 40 33
5.jpg 237 320 46 40
6.jpg 242 318 43 36
7.jpg 233 338 46 38
8.jpg 259 320 51 56
9.jpg 258 368 58 58
10.jpg 210 384 55 51
11.jpg 257 368 56 47
12.jpg 238 356 73 63
13.jpg 330 348 66 51
14.jpg 259 390 92 70
15.jpg 194 363 113 80
16.jpg 168 340 103 82
17.jpg 151 287 92 84
18.jpg 250 256 77 102
19.jpg 244 350 58 77
20.jpg 245 352 112 96
21.jpg 139 362 139 111
22.jpg 119 332 166 127
23.jpg 142 327 146 117
24.jpg 177 371 122 113
25.jpg 217 338 80 116
26.jpg 266 424 44 54
27.jpg 264 375 49 66
28.jpg 230 385 61 70
29.jpg 256 367 79 76
30.jpg 285 392 91 78
31.jpg 238 370 91 69
32.jpg 320 366 44 32
33.jpg 243 368 47 39
34.jpg 286 346 51 45
35.jpg 294 364 47 40
36.jpg 303 363 32 27
37.jpg 277 367 33 26
38.jpg 252 402 34 31
39.jpg 313 367 35 31
40.jpg 344 396 54 90
41.jpg 386 371 113 116
42.jpg 367 359 158 130
43.jpg 311 412 149 135
44.jpg 270 377 125 120
45.jpg 261 452 85 101
46.jpg 269 325 59 54
47.jpg 268 322 64 57
48.jpg 303 366 65 57
49.jpg 260 354 75 63
50.jpg 323 393 76 66
51.jpg 314 358 73 69
52.jpg 355 428 52 42
53.jpg 378 370 52 41
54.jpg 352 342 47 45
55.jpg 375 390 44 40
56.jpg 247 377 36 26
57.jpg 295 400 38 31
58.jpg 311 369 35 29
59.jpg 245 361 39 31
60.jpg 272 343 35 34
61.jpg 329 428 38 37
62.jpg 340 406 33 32
63.jpg 338 408 33 28
64.jpg 280 369 41 35
65.jpg 329 318 43 47
66.jpg 367 326 50 42
67.jpg 334 321 46 45
68.jpg 302 342 61 51
69.jpg 242 366 66 54
70.jpg 243 343 66 54
71.jpg 232 348 70 64
72.jpg 308 333 59 64
73.jpg 279 378 48 51
74.jpg 305 355 36 75
75.jpg 253 289 64 102
76.jpg 165 286 128 140
77.jpg 157 280 211 174
78.jpg 159 307 195 164
79.jpg 224 327 156 145
80.jpg 400 375 130 88
80.jpg 393 359 38 32
81.jpg 318 369 43 37
82.jpg 319 344 42 32
83.jpg 417 351 28 29
83.jpg 405 348 44 38
84.jpg 270 428 50 39
85.jpg 138 486 55 47
86.jpg 289 401 55 49
87.jpg 371 410 54 47
88.jpg 369 368 60 61
89.jpg 335 392 68 60
90.jpg 305 351 78 66
91.jpg 348 295 94 77
92.jpg 312 358 92 77
93.jpg 322 357 101 86
94.jpg 239 364 134 120
95.jpg 209 349 184 148
96.jpg 352 352 187 153
97.jpg 362 365 125 133
98.jpg 389 315 68 105
99.jpg 375 357 38 102
100.jpg 265 406 41 34
101.jpg 286 384 42 34
102.jpg 29 0 444 354
102.jpg 279 336 44 34
103.jpg 338 353 42 37
104.jpg 344 315 50 38
105.jpg 333 354 56 42
106.jpg 275 347 50 41
107.jpg 214 358 56 44
108.jpg 301 297 77 65
109.jpg 179 315 96 80
110.jpg 250 323 106 124
110.jpg 259 368 86 81
111.jpg 223 312 79 75
112.jpg 218 362 62 73
113.jpg 281 389 39 63
114.jpg 270 352 41 76
115.jpg 178 378 131 111
116.jpg 66 316 161 131
117.jpg 104 339 161 131
118.jpg 256 353 82 117
118.jpg 170 349 175 132
119.jpg 217 240 182 142
120.jpg 287 404 29 28
121.jpg 259 405 29 30
122.jpg 247 374 34 31
123.jpg 299 411 28 21
124.jpg 411 406 30 25
125.jpg 290 348 38 34
126.jpg 291 390 40 29
127.jpg 289 390 40 33
128.jpg 165 325 55 48
129.jpg 241 370 52 42
130.jpg 206 352 51 41
131.jpg 257 332 43 41
132.jpg 353 277 44 45
133.jpg 288 313 43 41
134.jpg 224 332 63 65
135.jpg 257 332 77 69
136.jpg 222 326 78 62
137.jpg 201 295 80 69
138.jpg 168 328 87 74
139.jpg 157 348 95 66
140.jpg 214 387 122 90
141.jpg 136 423 125 96
142.jpg 81 350 112 100
143.jpg 173 344 68 90
144.jpg 135 267 50 96
145.jpg 236 378 129 96
146.jpg 151 376 149 108
147.jpg 137 350 173 122
148.jpg 75 391 157 141
149.jpg 92 372 143 129
150.jpg 138 318 107 126
151.jpg 305 400 65 66
152.jpg 264 412 75 79
153.jpg 210 413 81 75
154.jpg 271 404 84 65
155.jpg 271 410 86 67
156.jpg 263 417 91 62
157.jpg 229 403 50 39
158.jpg 256 380 48 37
159.jpg 189 365 51 41
160.jpg 235 365 52 40
161.jpg 317 460 34 25
162.jpg 306 479 34 31
163.jpg 269 430 32 33
164.jpg 320 414 36 34
165.jpg 311 432 24 24
166.jpg 379 482 27 27
167.jpg 317 454 36 27
168.jpg 308 469 34 28
169.jpg 345 428 40 31
170.jpg 421 396 45 33
171.jpg 313 378 44 36
172.jpg 339 335 44 41
173.jpg 373 406 56 51
174.jpg 352 364 63 52
175.jpg 340 363 64 57
176.jpg 355 378 67 53
177.jpg 327 428 70 65
178.jpg 283 346 70 68
179.jpg 331 409 23 65
179.jpg 271 405 84 70
180.jpg 335 398 125 94
181.jpg 334 356 148 116
182.jpg 350 331 131 109
183.jpg 385 354 124 103
184.jpg 384 363 47 82
185.jpg 329 449 28 29
186.jpg 355 391 35 28
187.jpg 350 395 32 33
188.jpg 352 387 31 28
189.jpg 295 378 35 36
190.jpg 244 436 41 43
191.jpg 263 450 43 40
192.jpg 271 468 43 35
193.jpg 280 470 41 42
194.jpg 278 470 47 40
195.jpg 275 467 44 42
196.jpg 200 430 44 39
197.jpg 256 384 47 35
198.jpg 259 377 46 39
199.jpg 237 326 62 46
200.jpg 194 314 63 50
201.jpg 237 310 63 55
202.jpg 186 327 56 52
203.jpg 191 356 50 50
204.jpg 306 420 42 52
205.jpg 216 399 49 74
206.jpg 238 403 66 82
207.jpg 139 342 94 101
208.jpg 163 358 121 114
209.jpg 196 398 124 98
210.jpg 177 374 123 100
211.jpg 192 416 142 106
212.jpg 151 426 151 96
212.jpg 178 386 160 128
213.jpg 133 390 151 134
214.jpg 132 369 128 140
215.jpg 180 392 92 136
216.jpg 211 399 72 124
217.jpg 221 421 58 72
218.jpg 237 410 68 69
219.jpg 264 438 75 70
220.jpg 227 407 83 73
221.jpg 218 394 86 76
222.jpg 317 395 90 83
223.jpg 217 421 55 46
224.jpg 265 438 55 43
225.jpg 267 422 54 44
226.jpg 284 420 49 44
227.jpg 287 433 36 34
228.jpg 275 437 45 36
229.jpg 268 425 42 37
230.jpg 274 441 42 37
