1.jpg 536 215 139 169
2.jpg 521 178 200 192
3.jpg 543 216 236 180
4.jpg 525 219 237 169
5.jpg 524 247 201 176
6.jpg 516 228 116 112
7.jpg 569 234 115 92
8.jpg 580 220 129 97
9.jpg 587 217 123 96
10.jpg 605 227 92 92
12.jpg 564 238 78 66
13.jpg 548 252 71 57
14.jpg 483 254 76 58
15.jpg 511 224 53 45
16.jpg 511 227 53 42
17.jpg 494 194 41 36
18.jpg 472 183 43 37
19.jpg 532 204 44 39
20.jpg 561 238 31 30
22.jpg 530 242 73 76
23.jpg 562 210 121 117
24.jpg 592 156 185 139
25.jpg 577 174 224 158
26.jpg 491 246 173 166
27.jpg 483 215 91 69
29.jpg 538 232 87 67
30.jpg 591 178 77 61
31.jpg 493 228 47 39
32.jpg 522 220 50 40
33.jpg 519 202 48 36
34.jpg 571 219 54 40
35.jpg 661 220 56 38
36.jpg 480 245 35 28
37.jpg 507 175 38 31
38.jpg 511 232 35 29
39.jpg 529 260 23 17
40.jpg 491 253 25 17
41.jpg 604 208 28 21
42.jpg 268 144 234 187
43.jpg 214 144 247 185
44.jpg 198 182 219 154
45.jpg 268 133 202 149
46.jpg 307 140 139 141
47.jpg 458 183 74 69
48.jpg 440 136 86 70
49.jpg 482 141 90 72
50.jpg 491 140 94 72
51.jpg 507 160 92 67
52.jpg 482 168 54 41
53.jpg 459 184 52 39
54.jpg 449 164 59 42
55.jpg 488 173 51 40
56.jpg 506 162 48 39
57.jpg 413 267 40 29
58.jpg 444 196 38 29
59.jpg 480 196 38 31
60.jpg 500 208 40 31
61.jpg 482 206 42 34
62.jpg 452 224 28 21
63.jpg 401 263 29 20
64.jpg 444 226 27 20
65.jpg 545 182 27 20
66.jpg 331 130 219 194
67.jpg 204 148 231 172
68.jpg 293 176 184 142
69.jpg 274 145 139 128
70.jpg 360 170 77 119
71.jpg 437 206 56 50
72.jpg 480 215 58 50
73.jpg 465 194 69 55
74.jpg 465 172 74 59
75.jpg 526 149 72 58
76.jpg 536 170 65 53
77.jpg 667 109 59 46
78.jpg 495 222 59 42
79.jpg 487 156 58 44
80.jpg 521 195 27 31
81.jpg 614 132 45 34
82.jpg 492 196 43 34
83.jpg 496 237 33 24
87.jpg 504 219 44 33
88.jpg 673 152 160 150
89.jpg 631 176 185 168
90.jpg 554 160 208 163
91.jpg 490 117 204 152
92.jpg 431 133 179 144
93.jpg 475 140 82 66
94.jpg 536 90 81 67
95.jpg 582 160 82 61
96.jpg 614 148 81 61
97.jpg 675 134 77 60
98.jpg 676 141 65 52
99.jpg 557 216 36 28
100.jpg 536 218 39 30
101.jpg 532 202 39 29
102.jpg 586 193 41 31
103.jpg 595 188 40 29
104.jpg 610 177 41 30
105.jpg 564 189 39 30
106.jpg 501 237 25 19
107.jpg 539 209 27 21
108.jpg 580 205 28 21
109.jpg 569 210 27 20
110.jpg 563 208 25 19
112.jpg 563 24 162 172
113.jpg 522 185 237 188
114.jpg 424 168 217 160
115.jpg 374 184 190 154
116.jpg 411 130 96 94
117.jpg 453 164 71 66
118.jpg 523 139 71 59
119.jpg 532 167 80 61
120.jpg 538 148 86 61
121.jpg 540 176 66 57
122.jpg 525 182 44 35
123.jpg 504 179 47 36
124.jpg 467 144 46 36
125.jpg 488 196 34 27
126.jpg 568 189 35 26
127.jpg 472 199 32 26
128.jpg 548 73 134 131
129.jpg 483 97 163 184
130.jpg 546 84 177 139
131.jpg 505 74 201 158
132.jpg 479 117 136 135
133.jpg 485 103 110 89
134.jpg 586 77 116 91
135.jpg 632 125 113 88
136.jpg 585 100 99 80
137.jpg 616 107 86 76
140.jpg 527 152 49 41
141.jpg 512 161 52 41
142.jpg 480 156 51 40
143.jpg 525 202 28 24
144.jpg 429 157 30 25
145.jpg 516 152 34 26
146.jpg 518 153 34 27
148.jpg 564 111 186 193
149.jpg 498 140 205 179
150.jpg 485 121 223 165
151.jpg 523 164 245 188
152.jpg 410 154 163 142
153.jpg 609 160 101 89
154.jpg 490 120 111 91
155.jpg 501 112 105 82
156.jpg 428 170 100 76
157.jpg 521 150 89 78
158.jpg 418 135 65 45
159.jpg 542 85 62 47
160.jpg 515 120 59 45
161.jpg 545 85 59 47
162.jpg 551 143 56 43
163.jpg 409 233 43 31
164.jpg 510 154 40 30
166.jpg 545 148 43 31
167.jpg 650 99 74 43
168.jpg 574 183 156 126
169.jpg 453 183 147 132
170.jpg 508 136 174 133
171.jpg 455 153 183 137
172.jpg 542 184 178 156
173.jpg 414 174 84 72
174.jpg 542 177 88 69
175.jpg 556 182 92 74
176.jpg 618 170 90 70
177.jpg 702 134 78 66
178.jpg 610 160 65 65
179.jpg 497 187 46 35
180.jpg 532 159 47 36
181.jpg 515 185 49 37
182.jpg 607 174 51 38
183.jpg 632 171 53 39
184.jpg 649 145 52 38
185.jpg 462 195 36 29
186.jpg 518 160 36 27
187.jpg 499 171 37 26
188.jpg 551 136 35 28
189.jpg 558 218 34 27
190.jpg 604 139 108 100
191.jpg 572 111 126 121
192.jpg 538 126 149 115
193.jpg 492 71 161 120
194.jpg 461 125 144 112
195.jpg 692 149 64 63
196.jpg 620 150 68 60
197.jpg 632 148 79 61
198.jpg 639 110 79 62
199.jpg 469 188 73 56
202.jpg 559 152 49 35
204.jpg 422 129 62 49
205.jpg 501 205 35 29
209.jpg 600 123 37 36
211.jpg 596 155 25 21
212.jpg 571 140 25 20
213.jpg 485 144 43 35
