1.jpg 177 303 111 141
2.jpg 177 306 143 168
3.jpg 247 357 161 159
4.jpg 293 272 136 151
5.jpg 199 337 162 144
6.jpg 221 342 161 171
7.jpg 240 348 69 64
8.jpg 299 302 63 71
9.jpg 310 326 59 74
10.jpg 319 284 60 78
11.jpg 311 360 64 68
12.jpg 313 325 52 65
13.jpg 296 405 43 45
14.jpg 329 395 41 49
15.jpg 257 374 44 48
16.jpg 246 415 57 56
17.jpg 322 342 38 38
18.jpg 330 362 33 35
19.jpg 356 325 34 36
20.jpg 299 342 34 39
21.jpg 319 405 30 27
22.jpg 387 369 40 34
22.jpg 390 360 37 37
23.jpg 304 320 39 36
24.jpg 356 352 41 37
25.jpg 324 344 42 44
26.jpg 319 376 46 46
27.jpg 277 376 47 44
28.jpg 266 361 44 50
29.jpg 367 432 41 60
30.jpg 320 369 59 69
31.jpg 339 348 68 74
32.jpg 329 361 78 74
33.jpg 315 306 85 82
34.jpg 329 290 87 87
35.jpg 282 356 122 126
36.jpg 282 389 171 158
36.jpg 285 381 172 169
37.jpg 351 407 192 177
38.jpg 394 470 145 174
39.jpg 347 478 84 149
40.jpg 305 415 53 122
41.jpg 293 441 33 35
42.jpg 329 421 36 38
43.jpg 373 355 36 30
44.jpg 311 442 31 30
45.jpg 292 374 28 37
46.jpg 332 396 36 38
47.jpg 342 382 49 44
48.jpg 348 329 47 49
49.jpg 293 342 61 67
50.jpg 278 296 77 74
51.jpg 232 314 80 74
52.jpg 294 400 64 64
53.jpg 299 321 61 69
54.jpg 312 351 59 65
55.jpg 325 342 64 68
56.jpg 265 338 82 114
57.jpg 327 286 145 163
58.jpg 362 335 179 161
59.jpg 410 292 155 164
60.jpg 374 311 104 133
61.jpg 451 310 70 127
62.jpg 344 380 70 81
63.jpg 343 359 89 88
64.jpg 267 314 109 102
65.jpg 305 302 109 106
66.jpg 302 273 113 127
67.jpg 362 327 66 67
68.jpg 343 368 68 67
69.jpg 384 342 65 65
70.jpg 363 381 66 71
71.jpg 356 385 68 69
72.jpg 377 307 66 69
73.jpg 358 372 47 51
74.jpg 352 348 42 44
75.jpg 410 320 46 44
76.jpg 347 368 45 40
77.jpg 357 383 32 40
78.jpg 295 363 42 40
79.jpg 348 389 36 35
80.jpg 296 410 38 36
81.jpg 217 350 124 116
82.jpg 221 356 148 138
83.jpg 191 376 139 136
84.jpg 221 356 122 136
85.jpg 246 336 86 144
86.jpg 303 345 40 115
87.jpg 228 390 59 84
88.jpg 233 344 78 104
89.jpg 231 282 93 107
90.jpg 217 352 98 94
91.jpg 251 330 92 92
92.jpg 249 364 86 76
93.jpg 313 381 52 46
94.jpg 295 411 50 45
95.jpg 296 403 49 52
96.jpg 336 446 48 57
97.jpg 338 398 35 40
98.jpg 298 384 29 41
99.jpg 308 320 34 41
100.jpg 311 324 42 40
101.jpg 377 275 131 219
102.jpg 281 314 194 230
103.jpg 215 303 215 213
104.jpg 191 258 211 193
105.jpg 185 338 152 151
106.jpg 227 388 126 124
107.jpg 234 396 87 85
108.jpg 239 361 86 88
109.jpg 252 384 92 92
110.jpg 258 357 109 119
111.jpg 292 347 79 95
112.jpg 303 407 69 95
113.jpg 315 384 45 68
114.jpg 330 380 57 64
115.jpg 316 348 55 69
116.jpg 344 340 58 64
117.jpg 350 380 46 53
118.jpg 300 412 46 46
119.jpg 321 452 36 50
120.jpg 165 356 37 48
121.jpg 353 374 83 86
122.jpg 328 356 93 91
123.jpg 323 332 102 91
124.jpg 277 276 110 107
125.jpg 294 283 112 119
126.jpg 285 368 99 115
127.jpg 325 418 70 78
128.jpg 266 392 79 69
129.jpg 312 406 75 72
130.jpg 348 441 71 69
131.jpg 383 434 75 80
132.jpg 320 439 67 65
133.jpg 285 296 51 58
134.jpg 309 385 47 51
135.jpg 307 360 56 55
136.jpg 282 377 53 49
137.jpg 354 402 40 40
138.jpg 273 394 44 33
139.jpg 353 381 38 38
140.jpg 345 414 34 36
141.jpg 328 382 24 25
142.jpg 374 387 23 23
143.jpg 379 401 35 27
144.jpg 375 353 26 31
145.jpg 353 387 36 30
146.jpg 265 378 35 35
147.jpg 312 396 33 31
148.jpg 308 364 31 30
149.jpg 281 359 39 34
150.jpg 271 337 40 39
151.jpg 390 304 41 41
152.jpg 396 336 44 44
153.jpg 329 355 48 44
154.jpg 374 346 55 47
155.jpg 344 404 74 68
156.jpg 311 400 65 72
157.jpg 327 407 69 64
158.jpg 376 440 73 63
159.jpg 323 430 63 66
160.jpg 247 412 68 75
161.jpg 358 357 95 104
162.jpg 299 387 110 112
163.jpg 315 377 109 128
164.jpg 308 387 122 113
165.jpg 310 414 111 110
166.jpg 316 363 102 102
167.jpg 194 379 73 72
168.jpg 299 369 74 81
169.jpg 309 320 70 79
170.jpg 321 336 71 80
171.jpg 383 354 67 74
172.jpg 280 368 69 71
173.jpg 310 363 51 49
174.jpg 344 357 43 47
175.jpg 403 436 47 43
176.jpg 341 381 46 43
177.jpg 301 394 35 34
178.jpg 321 334 36 37
179.jpg 385 358 34 37
180.jpg 313 425 33 34
181.jpg 171 376 172 162
182.jpg 135 372 204 206
183.jpg 64 338 221 224
184.jpg 188 389 138 190
185.jpg 207 349 110 171
186.jpg 224 337 84 164
187.jpg 237 406 61 93
188.jpg 258 415 67 99
189.jpg 258 365 85 106
190.jpg 286 356 103 107
191.jpg 236 361 94 94
192.jpg 292 420 87 92
193.jpg 274 379 61 62
194.jpg 282 378 58 52
195.jpg 287 324 53 62
196.jpg 259 302 58 68
197.jpg 295 374 38 42
198.jpg 265 389 47 45
199.jpg 229 368 45 48
200.jpg 279 376 44 48
201.jpg 280 448 49 40
202.jpg 269 454 48 40
203.jpg 294 418 51 44
204.jpg 361 421 48 45
205.jpg 303 411 59 65
206.jpg 243 398 70 76
207.jpg 234 440 78 83
208.jpg 231 426 86 82
209.jpg 233 400 106 107
210.jpg 213 365 116 118
211.jpg 169 395 114 117
212.jpg 164 392 111 109
213.jpg 176 380 97 112
214.jpg 188 395 83 111
215.jpg 159 368 109 157
216.jpg 165 347 155 193
217.jpg 138 370 187 196
218.jpg 137 325 211 217
219.jpg 141 352 218 244
220.jpg 220 379 192 196