1.jpg 573 169 126 117
2.jpg 389 238 64 114
3.jpg 522 233 171 156
4.jpg 497 237 199 171
5.jpg 512 225 198 186
6.jpg 503 208 118 149
7.jpg 535 211 82 136
8.jpg 575 259 68 77
9.jpg 544 264 84 81
10.jpg 540 240 90 79
11.jpg 484 275 84 75
12.jpg 519 279 79 76
13.jpg 548 297 80 77
14.jpg 655 255 48 42
15.jpg 565 293 45 39
16.jpg 524 289 51 46
17.jpg 499 256 51 47
18.jpg 518 255 36 33
19.jpg 496 302 35 31
20.jpg 558 306 39 34
21.jpg 541 297 46 43
22.jpg 415 211 74 75
23.jpg 377 209 82 76
24.jpg 357 212 81 74
25.jpg 355 203 67 68
26.jpg 378 221 53 65
27.jpg 328 211 41 72
28.jpg 468 211 43 40
29.jpg 478 239 45 40
30.jpg 468 240 45 42
31.jpg 433 225 37 36
32.jpg 411 233 34 36
33.jpg 415 228 37 44
34.jpg 468 252 27 25
35.jpg 464 254 28 25
36.jpg 449 262 27 26
37.jpg 454 250 25 25
38.jpg 485 260 21 20
39.jpg 459 267 21 19
40.jpg 430 259 21 20
41.jpg 472 266 22 22
42.jpg 349 201 88 83
43.jpg 344 226 101 90
44.jpg 336 229 110 98
45.jpg 385 221 96 97
46.jpg 350 224 74 91
47.jpg 365 207 52 79
48.jpg 458 254 44 40
49.jpg 481 263 42 37
50.jpg 442 248 48 45
51.jpg 409 255 39 38
52.jpg 416 247 38 44
53.jpg 415 263 29 37
54.jpg 473 277 23 21
55.jpg 450 267 24 22
56.jpg 475 243 24 23
57.jpg 499 234 23 22
58.jpg 485 253 28 28
59.jpg 427 258 33 31
60.jpg 396 242 31 30
61.jpg 401 251 35 31
62.jpg 387 229 84 73
63.jpg 416 244 83 77
64.jpg 419 250 70 70
65.jpg 455 257 66 77
66.jpg 449 241 51 74
67.jpg 453 220 37 65
68.jpg 412 262 24 36
69.jpg 408 242 32 43
70.jpg 433 243 34 39
71.jpg 479 241 43 45
72.jpg 437 233 43 40
73.jpg 429 250 43 38
74.jpg 400 246 31 28
75.jpg 484 235 31 28
76.jpg 469 257 29 28
77.jpg 457 252 32 33
78.jpg 476 262 23 23
79.jpg 458 236 22 23
80.jpg 418 253 23 22
81.jpg 396 247 23 21
82.jpg 402 276 23 23
83.jpg 382 221 25 25
84.jpg 484 256 26 24
85.jpg 485 260 26 23
86.jpg 457 265 30 27
87.jpg 503 266 30 27
88.jpg 445 256 36 34
89.jpg 429 275 36 34
90.jpg 400 243 31 36
91.jpg 389 218 36 38
92.jpg 414 234 38 38
93.jpg 404 244 47 45
94.jpg 435 274 40 36
95.jpg 444 254 46 42
96.jpg 464 202 60 57
97.jpg 375 227 70 63
98.jpg 377 231 69 65
99.jpg 344 239 64 66
100.jpg 368 227 55 67
101.jpg 349 236 44 68
102.jpg 498 235 24 19
103.jpg 479 256 18 13
103.jpg 476 254 25 23
104.jpg 445 250 26 19
105.jpg 438 223 21 23
106.jpg 393 228 22 24
107.jpg 434 254 27 26
108.jpg 415 239 29 27
109.jpg 400 232 28 26
110.jpg 500 252 33 29
111.jpg 480 258 34 30
112.jpg 439 230 24 18
112.jpg 437 228 43 37
113.jpg 425 253 34 32
114.jpg 403 247 32 33
115.jpg 476 254 31 31
116.jpg 455 226 37 40
117.jpg 459 208 48 49
118.jpg 416 249 52 50
119.jpg 491 264 48 42
120.jpg 457 267 46 41
121.jpg 424 271 45 41
122.jpg 511 253 26 24
123.jpg 454 263 27 24
124.jpg 473 260 28 26
125.jpg 476 259 25 25
126.jpg 499 223 27 29
127.jpg 389 254 31 30
128.jpg 440 256 33 31
129.jpg 412 266 36 34
130.jpg 492 218 43 40
131.jpg 376 256 45 41
132.jpg 417 256 43 41
133.jpg 429 237 42 42
134.jpg 459 231 43 43
135.jpg 330 248 40 46
136.jpg 345 219 50 62
137.jpg 460 237 58 66
138.jpg 472 228 90 86
139.jpg 547 255 103 90
140.jpg 506 264 112 98
141.jpg 374 171 113 106
142.jpg 425 306 75 66
143.jpg 341 270 82 72
144.jpg 388 246 84 75
145.jpg 318 221 86 82
146.jpg 363 228 79 78
147.jpg 403 237 63 82
148.jpg 291 293 669 347
148.jpg 461 258 41 48
149.jpg 430 201 47 50
150.jpg 453 229 43 40
151.jpg 486 221 49 43
152.jpg 464 260 48 41
153.jpg 515 253 54 48
154.jpg 463 199 32 30
155.jpg 440 231 32 30
156.jpg 474 217 31 30
157.jpg 498 239 31 30
158.jpg 436 274 21 20
159.jpg 465 227 26 25
160.jpg 446 258 29 26
161.jpg 441 191 21 21
161.jpg 442 192 16 23
161.jpg 442 192 26 25
162.jpg 563 244 89 80
163.jpg 479 245 99 89
164.jpg 385 242 100 95
165.jpg 276 226 100 103
166.jpg 389 217 84 105
167.jpg 390 227 56 54
167.jpg 389 224 59 116
168.jpg 516 347 48 47
169.jpg 371 241 57 55
170.jpg 444 262 50 47
171.jpg 407 267 61 56
172.jpg 428 249 51 47
173.jpg 434 262 61 56
174.jpg 430 291 39 35
175.jpg 492 264 35 30
176.jpg 462 269 34 32
177.jpg 506 254 33 31
178.jpg 456 266 22 22
179.jpg 471 296 23 23
180.jpg 424 272 24 22
181.jpg 424 260 24 21
182.jpg 471 247 25 24
183.jpg 428 263 24 23
184.jpg 534 241 24 24
185.jpg 464 249 19 11
185.jpg 457 229 26 31
186.jpg 409 248 27 28
187.jpg 393 248 31 31
188.jpg 438 243 35 25
188.jpg 432 238 39 44
189.jpg 442 250 48 42
190.jpg 348 265 59 49
191.jpg 414 244 62 56
192.jpg 416 214 60 59
193.jpg 434 233 48 60
194.jpg 444 220 37 56
195.jpg 482 197 104 106
195.jpg 476 202 21 87
196.jpg 440 211 46 90
197.jpg 492 205 139 134
198.jpg 400 220 149 134
199.jpg 388 236 139 126
200.jpg 446 233 106 115
