1.jpg 462 299 74 179
2.jpg 403 231 134 198
3.jpg 322 260 180 209
4.jpg 306 266 240 230
5.jpg 210 271 273 240
6.jpg 213 256 285 254
7.jpg 222 243 260 259
8.jpg 261 238 214 266
9.jpg 387 264 115 136
10.jpg 282 185 137 141
11.jpg 318 193 154 141
12.jpg 286 197 162 143
13.jpg 320 236 147 137
14.jpg 363 211 125 133
15.jpg 226 175 86 134
16.jpg 433 289 68 80
17.jpg 420 301 63 58
18.jpg 379 253 84 80
19.jpg 378 252 89 81
20.jpg 405 305 73 67
21.jpg 402 286 54 135
22.jpg 368 279 87 142
23.jpg 340 304 124 148
24.jpg 328 271 154 160
25.jpg 311 222 176 160
26.jpg 309 283 193 175
27.jpg 360 249 135 108
28.jpg 385 239 109 100
29.jpg 406 239 108 97
30.jpg 333 280 86 72
31.jpg 375 225 77 70
32.jpg 277 212 82 87
33.jpg 397 297 54 53
34.jpg 410 253 74 76
35.jpg 369 267 60 57
36.jpg 297 323 86 77
37.jpg 390 291 62 61
38.jpg 296 275 61 58
39.jpg 456 285 46 42
40.jpg 394 309 36 36
41.jpg 443 274 30 113
42.jpg 386 260 82 172
43.jpg 292 280 148 185
44.jpg 203 264 213 196
45.jpg 241 210 229 204
46.jpg 255 273 162 152
47.jpg 302 285 108 109
48.jpg 328 237 128 120
49.jpg 286 179 132 117
50.jpg 377 222 120 109
51.jpg 312 216 107 109
52.jpg 304 250 62 72
53.jpg 408 260 58 68
54.jpg 402 309 62 69
55.jpg 371 302 79 71
56.jpg 418 257 56 49
57.jpg 390 267 35 36
58.jpg 519 262 44 47
59.jpg 368 269 54 171
60.jpg 339 258 108 171
61.jpg 265 229 194 211
62.jpg 234 221 244 223
63.jpg 232 245 252 235
64.jpg 309 284 159 190
65.jpg 338 317 84 89
66.jpg 250 242 122 121
67.jpg 253 222 135 119
68.jpg 338 246 124 115
69.jpg 242 230 96 123
70.jpg 387 280 27 90
71.jpg 400 233 78 78
72.jpg 343 295 68 53
73.jpg 410 252 54 47
74.jpg 389 253 49 54
75.jpg 439 289 42 33
76.jpg 275 258 46 45
77.jpg 416 304 48 44
78.jpg 477 289 45 42
79.jpg 471 293 41 33
80.jpg 425 278 36 38
81.jpg 432 241 55 42
82.jpg 406 237 58 46
83.jpg 423 253 61 47
84.jpg 449 210 68 67
85.jpg 468 207 74 68
86.jpg 408 135 118 104
87.jpg 341 179 123 111
88.jpg 360 226 108 83
89.jpg 344 210 97 83
90.jpg 391 255 79 74
91.jpg 307 265 65 107
92.jpg 410 169 116 150
93.jpg 452 144 143 165
94.jpg 406 156 184 190
95.jpg 451 108 179 201
96.jpg 496 141 118 195
97.jpg 419 201 33 103
98.jpg 416 141 104 153
99.jpg 332 182 181 167
100.jpg 341 178 169 168
101.jpg 413 208 110 121
102.jpg 371 202 69 98
103.jpg 472 176 78 95
104.jpg 405 178 107 92
105.jpg 375 201 112 85
106.jpg 435 209 91 81
107.jpg 501 215 31 61
108.jpg 536 207 19 53
109.jpg 387 202 33 46
110.jpg 421 243 53 45
111.jpg 341 223 54 42
112.jpg 399 197 50 40
113.jpg 475 253 41 32
114.jpg 485 203 38 31
115.jpg 596 241 37 29
116.jpg 490 240 32 26
117.jpg 375 243 131 135
118.jpg 332 174 169 152
119.jpg 277 212 143 132
120.jpg 385 184 97 114
121.jpg 434 227 74 108
122.jpg 469 233 50 93
123.jpg 451 203 52 85
124.jpg 400 226 58 62
125.jpg 350 234 77 63
126.jpg 423 245 81 66
127.jpg 456 217 73 68
128.jpg 459 239 52 71
129.jpg 482 237 48 49
130.jpg 401 197 56 46
131.jpg 410 211 51 42
132.jpg 492 224 48 41
133.jpg 468 222 44 40
134.jpg 453 237 40 39
135.jpg 467 218 41 34
136.jpg 418 235 40 33
137.jpg 427 155 112 173
138.jpg 308 199 168 174
139.jpg 298 142 171 152
140.jpg 305 169 137 134
141.jpg 385 208 79 87
142.jpg 362 195 83 117
143.jpg 375 216 75 63
144.jpg 441 182 78 65
145.jpg 394 148 96 85
146.jpg 490 155 80 64
147.jpg 413 221 69 60
148.jpg 312 192 78 63
149.jpg 407 193 58 46
150.jpg 486 195 54 44
151.jpg 500 212 48 39
152.jpg 484 202 46 36
153.jpg 453 195 43 34
154.jpg 505 159 40 32
155.jpg 467 264 36 28
156.jpg 490 221 34 27
157.jpg 245 247 122 96
158.jpg 287 195 134 129
159.jpg 338 173 151 134
160.jpg 337 173 115 131
161.jpg 427 195 64 107
162.jpg 519 180 39 90
163.jpg 456 210 48 71
164.jpg 377 159 57 68
165.jpg 456 168 84 73
166.jpg 426 176 76 59
167.jpg 402 138 86 80
168.jpg 405 175 74 78
169.jpg 404 202 48 44
170.jpg 508 157 68 60
171.jpg 403 186 55 45
172.jpg 322 172 62 58
173.jpg 512 211 44 35
174.jpg 430 372 44 39
175.jpg 440 236 36 37
176.jpg 476 207 37 38
177.jpg 314 163 189 258
178.jpg 207 110 252 247
179.jpg 223 86 235 194
180.jpg 266 112 158 165
181.jpg 270 150 124 174
182.jpg 457 149 87 196
183.jpg 383 210 89 82
184.jpg 406 174 86 84
185.jpg 395 112 114 93
186.jpg 298 160 82 79
187.jpg 322 240 75 68
188.jpg 381 204 57 48
189.jpg 403 187 59 54
190.jpg 501 196 58 45
191.jpg 536 185 56 44
192.jpg 571 209 35 45
193.jpg 502 229 39 36
194.jpg 518 158 39 34
195.jpg 541 198 44 35
196.jpg 291 226 52 39

