1.jpg 338 163 220 218
2.jpg 256 194 209 178
3.jpg 360 192 169 168
4.jpg 375 210 125 173
5.jpg 399 172 81 105
6.jpg 392 196 114 110
7.jpg 439 177 132 114
8.jpg 443 193 128 119
9.jpg 388 227 120 127
10.jpg 454 235 69 71
11.jpg 468 246 75 70
12.jpg 473 185 77 70
13.jpg 462 172 72 67
14.jpg 437 243 52 46
15.jpg 445 231 53 47
16.jpg 512 271 37 34
17.jpg 483 206 38 35
18.jpg 506 204 38 35
19.jpg 454 208 60 49
20.jpg 408 223 30 27
21.jpg 455 218 17 20
22.jpg 405 200 137 104
23.jpg 389 190 153 147
24.jpg 316 189 178 152
25.jpg 379 149 152 152
26.jpg 339 222 114 144
27.jpg 297 173 79 81
28.jpg 353 178 85 75
29.jpg 400 219 82 70
30.jpg 512 205 83 72
31.jpg 462 187 54 49
32.jpg 523 117 53 46
33.jpg 528 222 46 42
34.jpg 576 237 41 40
35.jpg 528 242 22 29
36.jpg 508 218 25 29
37.jpg 448 223 20 29
38.jpg 508 242 22 25
39.jpg 432 252 19 26
40.jpg 477 252 24 23
41.jpg 516 204 24 22
42.jpg 603 203 26 22
43.jpg 594 231 18 20
44.jpg 560 148 108 159
45.jpg 524 146 85 127
46.jpg 459 124 170 160
47.jpg 461 153 179 164
48.jpg 505 228 87 76
49.jpg 492 162 84 76
50.jpg 576 171 87 75
51.jpg 627 139 86 75
52.jpg 570 141 69 72
53.jpg 607 204 44 42
54.jpg 545 162 44 41
55.jpg 599 160 47 42
56.jpg 622 152 52 45
57.jpg 600 180 53 45
58.jpg 482 239 24 28
59.jpg 593 174 23 28
60.jpg 518 187 32 30
62.jpg 513 261 15 18
63.jpg 456 287 23 21
64.jpg 554 195 17 22
65.jpg 593 172 19 22
66.jpg 642 190 30 24
67.jpg 499 179 134 164
68.jpg 477 151 176 161
69.jpg 485 133 192 160
70.jpg 501 192 179 154
71.jpg 512 207 153 151
72.jpg 646 230 80 74
73.jpg 575 199 96 83
74.jpg 616 172 107 77
75.jpg 551 182 92 74
76.jpg 537 177 91 78
77.jpg 578 175 96 85
78.jpg 562 217 48 46
79.jpg 547 219 33 40
80.jpg 533 175 33 40
81.jpg 533 172 53 47
82.jpg 628 183 53 44
83.jpg 440 239 32 28
84.jpg 470 211 41 36
85.jpg 423 199 23 27
86.jpg 352 176 184 215
87.jpg 229 160 198 176
88.jpg 302 100 176 154
89.jpg 285 118 151 144
90.jpg 345 184 98 127
91.jpg 384 163 56 71
92.jpg 470 197 66 68
93.jpg 505 179 69 66
94.jpg 531 120 79 74
95.jpg 544 150 81 77
96.jpg 466 214 35 33
97.jpg 438 130 25 30
98.jpg 515 192 35 33
99.jpg 621 154 34 34
100.jpg 689 161 36 35
101.jpg 470 167 22 31
102.jpg 378 134 30 34
103.jpg 393 196 26 23
104.jpg 532 147 26 23
105.jpg 463 152 27 24
106.jpg 480 154 27 25
108.jpg 551 115 177 145
110.jpg 410 71 237 215
111.jpg 435 31 180 212
112.jpg 433 126 83 83
113.jpg 497 149 52 69
114.jpg 599 151 94 80
116.jpg 472 213 42 38
117.jpg 488 159 30 35
118.jpg 466 170 46 40
119.jpg 467 234 40 40
120.jpg 478 205 17 22
121.jpg 513 191 31 27
122.jpg 571 178 35 34
123.jpg 618 189 111 143
124.jpg 528 110 123 154
125.jpg 505 119 177 159
126.jpg 422 112 211 201
127.jpg 372 169 200 191
128.jpg 465 191 98 97
129.jpg 534 163 117 104
130.jpg 588 133 122 103
131.jpg 598 159 111 95
132.jpg 654 158 89 85
133.jpg 584 167 44 45
134.jpg 632 187 35 43
135.jpg 612 199 58 50
136.jpg 648 143 60 50
137.jpg 554 175 56 49
138.jpg 573 232 21 27
139.jpg 507 204 21 29
140.jpg 571 173 36 32
141.jpg 574 186 22 31
142.jpg 536 143 27 32
143.jpg 352 140 226 202
144.jpg 229 117 190 177
145.jpg 226 123 133 157
146.jpg 252 112 113 135
147.jpg 364 172 108 93
149.jpg 377 126 102 93
150.jpg 327 102 92 81
151.jpg 437 149 66 72
152.jpg 382 185 50 49
153.jpg 446 135 56 54
154.jpg 496 153 54 51
155.jpg 480 154 58 53
156.jpg 455 158 57 52
157.jpg 517 159 40 35
158.jpg 494 169 35 34
159.jpg 483 148 38 35
160.jpg 412 99 40 40
161.jpg 521 179 36 35
162.jpg 600 158 180 182
163.jpg 602 117 197 193
164.jpg 577 136 213 181
165.jpg 459 168 116 149
166.jpg 453 194 72 83
167.jpg 515 184 82 81
168.jpg 534 132 87 80
169.jpg 585 169 88 76
170.jpg 541 163 73 67
171.jpg 561 168 68 67
172.jpg 521 191 42 39
173.jpg 540 144 31 36
174.jpg 489 157 45 41
175.jpg 396 165 45 40
176.jpg 475 149 46 40
177.jpg 431 174 24 28
178.jpg 488 147 35 31
179.jpg 511 168 33 30
180.jpg 520 163 33 29
181.jpg 503 196 32 28
182.jpg 575 198 85 114
183.jpg 515 197 109 119
184.jpg 522 155 124 121
185.jpg 444 204 132 114
186.jpg 473 88 149 149
187.jpg 508 120 146 177
188.jpg 609 181 72 84
189.jpg 576 172 90 89
190.jpg 555 155 105 93
191.jpg 615 142 121 103
192.jpg 446 145 118 107
193.jpg 464 190 152 126
194.jpg 572 237 54 58
195.jpg 546 157 69 63
196.jpg 579 176 73 65
197.jpg 561 224 80 66
198.jpg 496 162 78 72
199.jpg 566 170 76 71
200.jpg 526 160 29 35
201.jpg 604 137 43 39
202.jpg 567 131 41 37
203.jpg 499 89 41 39
204.jpg 551 98 39 37
205.jpg 611 93 39 37
206.jpg 484 230 30 27
207.jpg 443 167 20 23
208.jpg 456 96 30 28
209.jpg 425 122 30 28
210.jpg 370 85 31 28
