1.jpg 218 221 223 225
2.jpg 277 273 136 214
3.jpg 234 230 129 213
4.jpg 296 336 74 80
5.jpg 288 371 62 76
6.jpg 296 347 56 69
7.jpg 319 370 40 41
8.jpg 330 398 35 40
9.jpg 293 380 38 40
10.jpg 320 359 24 24
11.jpg 327 419 25 28
12.jpg 335 363 27 28
13.jpg 317 363 21 21
14.jpg 285 368 18 22
15.jpg 290 355 21 20
16.jpg 256 250 116 119
17.jpg 270 277 82 109
18.jpg 316 342 60 83
19.jpg 304 299 61 69
20.jpg 332 345 40 44
21.jpg 341 320 42 59
22.jpg 311 336 41 43
23.jpg 347 363 29 31
24.jpg 302 326 27 29
25.jpg 334 354 22 23
26.jpg 339 437 23 26
27.jpg 320 392 20 22
28.jpg 323 369 17 18
29.jpg 327 373 17 18
30.jpg 310 378 17 16
31.jpg 264 269 97 113
32.jpg 271 292 66 86
33.jpg 330 320 62 75
34.jpg 285 265 43 46
35.jpg 298 304 40 43
36.jpg 295 328 47 54
37.jpg 328 322 15 29
38.jpg 323 366 24 27
39.jpg 310 338 24 28
40.jpg 333 349 20 21
41.jpg 329 345 20 26
42.jpg 284 379 17 18
43.jpg 316 343 17 16
44.jpg 307 373 19 21
45.jpg 363 373 17 16
46.jpg 281 263 94 99
47.jpg 301 328 70 83
48.jpg 281 369 60 82
49.jpg 303 354 37 39
50.jpg 327 369 34 36
51.jpg 301 355 31 37
52.jpg 308 357 37 36
53.jpg 305 414 24 25
54.jpg 314 365 30 36
55.jpg 325 389 22 20
56.jpg 321 416 17 16
57.jpg 313 393 16 20
58.jpg 314 408 17 19
59.jpg 314 365 16 19
60.jpg 321 404 13 13
61.jpg 263 294 139 147
62.jpg 271 338 79 105
63.jpg 325 319 77 117
64.jpg 293 333 53 56
65.jpg 328 361 53 59
66.jpg 290 345 52 65
67.jpg 324 378 28 28
68.jpg 309 406 25 26
69.jpg 333 369 27 29
70.jpg 306 388 19 19
71.jpg 332 414 18 23
72.jpg 357 400 19 24
73.jpg 288 310 126 135
74.jpg 293 361 82 106
75.jpg 340 338 88 125
76.jpg 278 354 78 83
77.jpg 272 342 65 74
78.jpg 317 339 53 80
79.jpg 299 378 50 54
80.jpg 261 372 47 54
81.jpg 320 378 36 38
82.jpg 294 360 27 31
83.jpg 333 442 23 23
84.jpg 330 363 33 36
85.jpg 341 409 18 22
86.jpg 388 356 11 16
87.jpg 326 395 18 20
88.jpg 288 304 112 120
89.jpg 333 322 59 74
90.jpg 319 319 52 77
91.jpg 314 360 38 40
92.jpg 351 340 32 44
93.jpg 359 370 36 55
94.jpg 333 438 28 41
95.jpg 280 394 26 46
96.jpg 326 379 27 33
97.jpg 326 387 21 29
98.jpg 352 367 19 25
99.jpg 347 379 19 21
100.jpg 349 381 16 22
101.jpg 312 402 17 18
102.jpg 368 378 11 17
103.jpg 261 263 116 130
104.jpg 244 296 88 106
105.jpg 294 314 76 124
106.jpg 273 330 78 83
107.jpg 299 346 43 52
108.jpg 328 358 43 52
109.jpg 306 339 42 49
110.jpg 341 368 29 33
111.jpg 311 382 31 35
112.jpg 318 379 26 27
113.jpg 328 398 27 33
114.jpg 311 391 23 25
115.jpg 333 371 27 31
116.jpg 310 375 28 26
117.jpg 306 363 23 25
118.jpg 339 432 19 23
119.jpg 329 397 14 18
120.jpg 335 410 19 19
121.jpg 296 299 102 106
122.jpg 260 317 78 115
123.jpg 306 360 68 81
124.jpg 330 340 56 61
125.jpg 292 332 51 65
126.jpg 289 356 36 52
127.jpg 295 359 39 47
128.jpg 316 393 28 35
129.jpg 341 376 28 30
130.jpg 356 371 22 30
131.jpg 319 383 20 22
132.jpg 306 370 25 28
133.jpg 279 345 25 34
134.jpg 308 385 21 19
135.jpg 332 505 20 20
136.jpg 305 335 22 26
137.jpg 255 282 123 130
138.jpg 281 330 70 104
139.jpg 305 365 43 74
140.jpg 302 397 50 53
141.jpg 297 357 66 77
142.jpg 303 369 48 59
143.jpg 289 373 36 39
144.jpg 328 398 29 33
145.jpg 300 368 49 49
146.jpg 339 363 23 25
147.jpg 292 374 21 23
148.jpg 297 421 27 29
149.jpg 298 381 18 18
150.jpg 342 360 15 15
151.jpg 331 371 20 22
152.jpg 297 413 17 22
153.jpg 232 219 166 176
154.jpg 302 297 85 136
155.jpg 288 305 79 121
156.jpg 257 332 85 87
157.jpg 252 292 91 104
158.jpg 259 333 67 76
159.jpg 303 333 54 72
160.jpg 288 354 52 57
161.jpg 289 394 33 36
162.jpg 296 349 41 48
163.jpg 286 363 26 28
164.jpg 292 325 25 27
165.jpg 287 378 24 27
166.jpg 292 387 18 20
167.jpg 320 448 16 17
168.jpg 348 394 15 17
169.jpg 299 380 14 19
170.jpg 325 458 12 17
171.jpg 316 393 13 13
172.jpg 226 257 133 141
173.jpg 248 287 89 121
174.jpg 298 307 79 116
175.jpg 297 314 87 91
176.jpg 284 316 68 84
177.jpg 304 318 69 83
178.jpg 282 303 64 67
179.jpg 274 339 47 57
180.jpg 302 345 53 68
181.jpg 298 341 40 49
182.jpg 295 453 81 68
183.jpg 304 224 33 94
184.jpg 328 311 32 35
185.jpg 332 375 26 30
186.jpg 307 312 26 33
187.jpg 285 215 113 119
188.jpg 266 230 80 102
189.jpg 311 275 55 69
190.jpg 290 291 67 70
191.jpg 288 312 50 60
192.jpg 290 328 41 56
193.jpg 308 358 31 33
194.jpg 286 341 31 34
195.jpg 306 355 23 32
196.jpg 307 355 24 24
197.jpg 309 404 21 22
198.jpg 338 391 19 22
199.jpg 298 390 18 19
200.jpg 308 387 17 17
201.jpg 323 375 15 17

