1.jpg 320 301 96 158
2.jpg 366 333 77 161
3.jpg 429 389 60 147
4.jpg 443 311 29 139
5.jpg 369 342 38 150
6.jpg 429 352 75 179
7.jpg 319 351 31 63
8.jpg 373 306 42 71
9.jpg 379 330 44 78
10.jpg 396 287 46 81
11.jpg 378 368 49 74
12.jpg 370 322 51 78
13.jpg 345 410 32 52
14.jpg 375 398 31 54
15.jpg 309 380 30 52
16.jpg 301 423 29 52
17.jpg 363 342 31 49
18.jpg 370 362 25 40
19.jpg 398 322 25 46
20.jpg 337 342 26 51
21.jpg 290 403 28 42
22.jpg 354 362 32 45
23.jpg 276 323 29 45
24.jpg 328 352 27 46
25.jpg 290 344 28 48
26.jpg 277 371 33 59
27.jpg 19 320 241 133
28.jpg 227 354 36 65
29.jpg 318 427 48 74
30.jpg 263 360 59 87
31.jpg 281 339 59 93
32.jpg 271 355 56 85
33.jpg 257 294 56 103
34.jpg 281 280 46 97
35.jpg 217 343 67 141
36.jpg 187 367 96 188
37.jpg 209 387 140 207
38.jpg 252 448 144 227
39.jpg 227 471 122 212
40.jpg 229 401 87 185
41.jpg 267 443 23 38
42.jpg 307 422 22 40
43.jpg 350 352 24 38
44.jpg 295 440 18 35
45.jpg 271 372 18 42
46.jpg 308 391 22 45
47.jpg 313 377 25 59
48.jpg 308 327 35 61
49.jpg 236 334 52 90
50.jpg 219 298 54 87
51.jpg 181 309 47 87
52.jpg 249 394 38 76
53.jpg 261 312 36 79
54.jpg 285 341 24 83
55.jpg 294 330 34 85
56.jpg 234 330 29 114
57.jpg 256 282 67 141
58.jpg 246 322 94 184
59.jpg 291 276 94 182
60.jpg 257 290 100 173
61.jpg 363 303 81 157
62.jpg 272 377 65 101
63.jpg 261 356 76 107
64.jpg 193 310 67 115
65.jpg 234 295 58 121
66.jpg 253 267 40 126
67.jpg 319 323 36 76
68.jpg 299 367 40 70
69.jpg 330 339 49 74
70.jpg 308 375 39 75
71.jpg 300 380 42 79
72.jpg 328 310 43 78
73.jpg 327 370 28 53
74.jpg 323 351 24 43
75.jpg 381 320 29 46
76.jpg 318 364 23 45
77.jpg 339 389 20 39
78.jpg 276 364 19 37
79.jpg 325 390 21 35
80.jpg 272 406 23 42
81.jpg 349 358 55 130
82.jpg 378 348 88 156
83.jpg 345 373 102 169
84.jpg 359 353 122 183
85.jpg 351 343 108 190
86.jpg 356 364 71 170
87.jpg 294 399 59 103
88.jpg 325 356 64 117
89.jpg 339 294 70 122
90.jpg 334 361 58 108
91.jpg 355 338 50 104
92.jpg 344 367 48 93
93.jpg 371 380 31 62
94.jpg 351 409 32 55
95.jpg 348 405 35 60
96.jpg 387 459 35 65
97.jpg 374 403 28 51
98.jpg 331 390 30 50
99.jpg 341 322 36 54
100.jpg 356 332 24 43
101.jpg 148 262 174 262
102.jpg 106 307 155 252
103.jpg 85 298 119 232
104.jpg 102 254 103 206
105.jpg 133 316 47 161
106.jpg 197 372 32 133
107.jpg 199 392 31 89
108.jpg 187 384 51 91
109.jpg 190 388 47 101
110.jpg 189 368 55 108
111.jpg 207 335 67 117
112.jpg 216 395 69 116
113.jpg 259 384 48 77
114.jpg 286 380 41 63
115.jpg 271 346 41 73
116.jpg 292 338 47 67
117.jpg 312 376 35 55
118.jpg 263 407 38 53
119.jpg 286 448 26 49
120.jpg 126 343 35 57
121.jpg 261 379 75 115
122.jpg 245 355 64 115
123.jpg 242 330 64 118
124.jpg 200 280 59 121
125.jpg 235 276 46 134
126.jpg 231 359 41 125
127.jpg 283 418 36 80
128.jpg 209 391 55 85
129.jpg 254 395 44 97
130.jpg 287 436 53 78
131.jpg 325 432 51 80
132.jpg 264 437 49 82
133.jpg 238 292 39 63
134.jpg 263 385 36 59
135.jpg 266 363 30 55
136.jpg 241 372 27 60
137.jpg 324 400 25 47
138.jpg 240 384 28 44
139.jpg 324 381 22 37
140.jpg 316 414 25 41
141.jpg 307 379 16 30
142.jpg 351 384 19 29
143.jpg 357 401 17 33
144.jpg 351 352 20 33
145.jpg 327 385 24 36
146.jpg 239 379 20 35
147.jpg 283 392 24 38
148.jpg 280 362 23 35
149.jpg 251 356 26 47
150.jpg 235 330 28 50
151.jpg 345 301 35 46
152.jpg 358 330 29 52
153.jpg 294 351 30 52
154.jpg 342 346 30 48
155.jpg 298 402 48 78
156.jpg 250 400 51 76
157.jpg 274 402 48 80
158.jpg 321 430 48 88
159.jpg 259 417 51 83
160.jpg 186 400 54 87
161.jpg 263 341 80 135
162.jpg 193 378 85 143
163.jpg 214 380 69 140
164.jpg 226 389 69 125
165.jpg 251 404 48 121
166.jpg 276 363 39 111
167.jpg 154 379 37 79
168.jpg 256 373 38 83
169.jpg 258 313 45 84
170.jpg 265 327 52 87
171.jpg 323 344 52 90
172.jpg 217 368 54 84
173.jpg 276 365 32 49
174.jpg 309 356 35 51
175.jpg 371 430 32 54
176.jpg 307 376 33 56
177.jpg 274 390 30 45
178.jpg 295 334 23 43
179.jpg 355 351 28 47
180.jpg 281 420 30 42
181.jpg 363 356 73 172
182.jpg 359 368 98 191
183.jpg 323 330 132 248
184.jpg 355 373 144 244
185.jpg 339 353 112 203
186.jpg 322 344 107 209
187.jpg 309 401 60 110
188.jpg 338 412 60 113
189.jpg 355 368 67 124
190.jpg 391 368 80 119
191.jpg 335 355 63 111
192.jpg 389 420 51 97
193.jpg 335 374 42 74
194.jpg 341 371 38 70
195.jpg 345 320 40 70
196.jpg 317 310 45 72
197.jpg 333 374 30 58
198.jpg 308 394 34 55
199.jpg 277 370 27 56
200.jpg 321 381 34 55
201.jpg 332 447 36 50
202.jpg 317 456 34 49
203.jpg 345 415 35 51
204.jpg 413 423 34 47
205.jpg 370 415 47 78
206.jpg 321 409 52 77
207.jpg 318 450 49 85
208.jpg 319 436 48 82
209.jpg 346 404 66 112
210.jpg 338 373 74 125
211.jpg 291 400 78 126
212.jpg 281 392 84 126
213.jpg 273 387 74 126
214.jpg 273 398 79 125
215.jpg 277 381 88 182
216.jpg 331 383 116 217
217.jpg 334 383 145 221
218.jpg 363 350 134 220
219.jpg 367 358 124 219
220.jpg 417 377 96 213
