1.jpg 532 289 175 232
2.jpg 568 242 225 224
3.jpg 526 258 230 200
4.jpg 457 275 183 172
5.jpg 473 253 123 158
6.jpg 512 301 42 165
7.jpg 534 293 14 73
8.jpg 497 255 44 97
9.jpg 398 242 81 104
10.jpg 503 209 123 112
11.jpg 247 190 158 114
12.jpg 446 237 141 97
13.jpg 513 252 98 86
14.jpg 529 289 78 77
15.jpg 512 202 62 56
16.jpg 460 276 62 56
17.jpg 386 255 60 65
19.jpg 467 277 83 118
20.jpg 427 228 128 117
21.jpg 522 243 138 120
22.jpg 499 194 133 136
23.jpg 450 308 99 128
24.jpg 485 284 90 90
25.jpg 543 293 41 70
26.jpg 449 256 112 95
27.jpg 425 230 129 88
28.jpg 415 195 88 88
29.jpg 427 269 74 84
30.jpg 562 253 67 68
31.jpg 473 263 92 65
32.jpg 456 336 67 69
33.jpg 416 320 53 51
34.jpg 482 325 54 48
35.jpg 493 270 44 53
36.jpg 550 286 49 148
37.jpg 396 261 93 144
38.jpg 347 215 125 141
39.jpg 481 230 153 137
40.jpg 395 233 157 142
41.jpg 386 202 112 142
42.jpg 404 249 99 102
43.jpg 476 243 104 101
44.jpg 418 288 112 100
45.jpg 400 283 115 102
46.jpg 468 301 107 104
47.jpg 531 284 65 103
48.jpg 453 244 52 69
49.jpg 468 299 67 51
50.jpg 432 277 67 61
51.jpg 462 293 53 48
52.jpg 504 285 49 43
53.jpg 441 319 16 39
54.jpg 443 273 209 210
55.jpg 534 247 247 208
56.jpg 558 205 208 195
57.jpg 540 229 118 187
58.jpg 497 306 37 156
59.jpg 450 317 26 99
60.jpg 419 270 55 109
61.jpg 389 267 99 113
62.jpg 437 248 127 115
63.jpg 480 197 144 126
64.jpg 446 251 148 137
65.jpg 489 263 46 119
66.jpg 456 302 74 72
67.jpg 467 294 64 63
69.jpg 498 332 77 48
70.jpg 469 324 51 47
71.jpg 443 280 24 39
72.jpg 341 214 147 202
73.jpg 324 221 172 197
74.jpg 195 204 207 196
75.jpg 192 160 194 171
76.jpg 394 197 44 110
77.jpg 456 184 46 136
78.jpg 448 169 81 119
79.jpg 385 214 34 68
81.jpg 359 152 44 74
82.jpg 340 168 112 97
83.jpg 380 233 29 48
84.jpg 369 221 173 92
85.jpg 477 216 41 45
86.jpg 562 235 23 44
87.jpg 457 228 22 37
88.jpg 485 217 22 39
89.jpg 427 216 22 36
90.jpg 432 221 20 34
91.jpg 434 190 52 123
92.jpg 461 179 98 127
93.jpg 355 157 146 150
94.jpg 418 178 158 139
95.jpg 472 125 115 165
96.jpg 428 188 91 123
97.jpg 440 177 29 64
98.jpg 484 200 31 59
99.jpg 513 205 37 64
100.jpg 448 162 170 112
101.jpg 473 189 92 88
102.jpg 497 207 56 77
103.jpg 461 204 20 46
104.jpg 444 171 85 68
105.jpg 453 221 25 44
106.jpg 428 227 25 42
107.jpg 499 239 20 33
108.jpg 427 218 18 32
109.jpg 542 220 18 31
110.jpg 486 210 16 28
111.jpg 472 217 14 25
112.jpg 464 211 50 115
113.jpg 368 198 74 119
113.jpg 340 184 142 153
114.jpg 316 208 169 160
115.jpg 299 191 168 149
116.jpg 299 185 141 146
118.jpg 409 212 24 93
119.jpg 460 181 67 88
120.jpg 470 200 100 85
121.jpg 428 212 120 88
122.jpg 369 211 130 93
123.jpg 405 220 43 72
124.jpg 423 189 32 57
125.jpg 449 196 29 47
126.jpg 438 195 27 45
127.jpg 465 197 26 46
128.jpg 434 204 25 45
129.jpg 535 182 21 47
130.jpg 470 228 19 36
131.jpg 425 240 20 34
132.jpg 364 112 110 169
134.jpg 262 95 217 222
135.jpg 370 143 111 146
136.jpg 448 217 64 114
138.jpg 393 201 37 74
139.jpg 336 163 140 95
141.jpg 418 185 38 63
142.jpg 339 204 99 72
144.jpg 540 237 27 44
145.jpg 492 231 24 43
146.jpg 466 227 21 35
148.jpg 429 201 20 33
149.jpg 455 203 17 29
150.jpg 602 229 17 28
151.jpg 549 233 16 26
152.jpg 462 244 57 104
154.jpg 387 219 132 84
156.jpg 312 196 136 112
157.jpg 354 173 143 117
158.jpg 362 234 111 109
159.jpg 402 177 88 112
160.jpg 442 230 92 86
161.jpg 438 200 128 91
162.jpg 438 197 121 90
163.jpg 455 210 55 78
164.jpg 552 193 43 77
165.jpg 434 193 89 70
167.jpg 317 151 59 49
168.jpg 340 226 42 29
169.jpg 438 191 43 45
170.jpg 482 199 50 39
171.jpg 512 212 47 51
172.jpg 359 170 62 159
173.jpg 56 220 904 420
173.jpg 249 125 214 215
174.jpg 242 175 188 174
175.jpg 258 162 111 151
176.jpg 320 147 61 128
177.jpg 377 172 39 126
178.jpg 473 197 35 74
179.jpg 466 198 20 59
180.jpg 396 199 101 93
181.jpg 408 179 54 86
182.jpg 478 186 56 88
183.jpg 418 172 38 73
184.jpg 435 177 30 54
185.jpg 446 256 24 38
186.jpg 487 211 26 41
187.jpg 417 220 24 42
188.jpg 408 178 23 46
189.jpg 466 244 20 33
191.jpg 452 219 16 28
192.jpg 503 201 23 41
193.jpg 484 234 26 45
194.jpg 451 236 30 49
195.jpg 544 201 41 69
196.jpg 560 176 46 80
197.jpg 542 167 129 119
198.jpg 477 165 120 130
199.jpg 501 146 227 220
200.jpg 607 177 199 205
201.jpg 556 206 65 144
