1.jpg 518 295 60 158
2.jpg 384 309 109 133
3.jpg 335 289 149 136
4.jpg 324 288 129 121
5.jpg 410 293 92 115
6.jpg 518 262 60 112
7.jpg 549 295 44 108
8.jpg 371 324 57 72
9.jpg 401 302 71 69
10.jpg 402 312 75 69
11.jpg 394 308 71 66
12.jpg 393 331 68 66
13.jpg 423 364 62 63
14.jpg 435 330 49 65
15.jpg 459 343 47 44
16.jpg 459 319 47 42
17.jpg 426 360 40 39
18.jpg 458 335 35 33
19.jpg 438 343 36 32
20.jpg 402 328 35 31
21.jpg 507 232 34 32
22.jpg 488 242 34 33
23.jpg 554 241 37 33
24.jpg 544 237 42 37
25.jpg 543 256 39 40
26.jpg 438 213 47 49
27.jpg 523 222 56 54
28.jpg 524 230 64 62
29.jpg 511 213 67 66
30.jpg 496 197 76 69
31.jpg 511 201 86 82
32.jpg 587 195 73 85
33.jpg 553 196 50 83
34.jpg 553 199 48 87
35.jpg 489 203 43 88
36.jpg 491 226 21 107
37.jpg 527 200 34 117
38.jpg 404 187 115 138
39.jpg 380 165 167 153
40.jpg 470 150 113 161
41.jpg 475 244 36 37
42.jpg 531 223 27 24
43.jpg 543 213 40 38
44.jpg 596 236 42 36
45.jpg 559 230 48 45
46.jpg 513 212 54 51
47.jpg 598 207 59 57
48.jpg 620 182 60 74
49.jpg 443 183 91 85
50.jpg 401 131 43 112
51.jpg 427 128 86 101
52.jpg 481 157 105 111
53.jpg 502 138 134 130
54.jpg 527 142 145 140
55.jpg 646 105 147 155
56.jpg 633 111 88 136
57.jpg 518 205 110 99
58.jpg 528 192 94 146
59.jpg 490 158 204 188
60.jpg 508 138 153 201
61.jpg 340 226 128 144
62.jpg 358 140 151 148
63.jpg 214 155 178 163
64.jpg 194 155 171 167
65.jpg 250 155 122 149
66.jpg 344 169 27 123
67.jpg 438 178 56 88
68.jpg 409 171 75 90
69.jpg 432 165 89 92
70.jpg 419 167 90 87
71.jpg 351 188 79 77
72.jpg 427 169 61 73
73.jpg 408 180 50 50
74.jpg 446 182 50 48
75.jpg 425 189 49 48
76.jpg 339 150 41 46
77.jpg 452 193 34 33
78.jpg 554 175 34 37
79.jpg 409 169 39 37
80.jpg 557 195 43 37
81.jpg 539 170 24 66
82.jpg 512 135 64 148
83.jpg 536 121 284 297
84.jpg 487 106 132 141
85.jpg 489 169 82 106
86.jpg 443 157 46 112
87.jpg 518 179 56 73
88.jpg 495 109 55 76
89.jpg 514 138 93 89
90.jpg 524 157 84 89
91.jpg 494 148 63 82
92.jpg 393 146 47 76
93.jpg 500 180 33 48
94.jpg 530 183 55 54
95.jpg 520 172 63 59
96.jpg 520 249 42 47
97.jpg 478 203 38 36
98.jpg 475 191 41 40
99.jpg 488 214 42 38
100.jpg 519 205 44 42
101.jpg 430 345 30 27
102.jpg 451 349 21 20
103.jpg 350 303 49 38
104.jpg 392 341 27 25
105.jpg 381 327 29 26
106.jpg 420 282 38 34
107.jpg 404 319 42 41
108.jpg 413 279 54 48
109.jpg 351 282 55 54
110.jpg 352 298 25 29
111.jpg 387 326 38 51
112.jpg 329 296 63 69
113.jpg 292 300 95 85
114.jpg 315 284 90 79
115.jpg 255 254 76 79
116.jpg 322 252 145 152
117.jpg 262 246 165 144
118.jpg 99 303 145 140
119.jpg 222 298 68 101
120.jpg 140 258 47 103
121.jpg 500 128 73 127
122.jpg 497 197 100 103
123.jpg 500 185 109 106
124.jpg 469 161 101 106
125.jpg 525 153 91 107
126.jpg 515 134 88 109
127.jpg 569 169 68 77
128.jpg 521 137 83 74
129.jpg 460 201 77 71
130.jpg 470 213 70 68
131.jpg 531 182 63 72
132.jpg 428 209 47 71
133.jpg 447 210 51 52
134.jpg 474 183 52 52
135.jpg 503 219 55 51
136.jpg 597 212 59 53
137.jpg 514 158 36 33
138.jpg 555 215 35 32
139.jpg 475 224 33 32
140.jpg 453 197 30 29
141.jpg 535 232 35 31
142.jpg 455 227 41 32
143.jpg 474 217 40 37
144.jpg 478 186 38 37
145.jpg 715 163 36 43
146.jpg 484 163 53 53
147.jpg 519 127 57 53
148.jpg 498 136 54 54
149.jpg 440 81 48 65
150.jpg 610 111 72 75
151.jpg 561 144 82 74
152.jpg 503 141 69 67
153.jpg 686 118 54 69
154.jpg 599 123 36 65
155.jpg 464 185 58 101
156.jpg 556 152 99 120
157.jpg 518 127 148 147
158.jpg 443 136 160 148
159.jpg 530 139 82 103
160.jpg 571 153 65 97
161.jpg 427 196 91 112
162.jpg 318 148 110 110
163.jpg 292 181 118 109
164.jpg 340 196 98 103
165.jpg 403 193 87 102
166.jpg 453 270 61 96
167.jpg 420 235 72 77
168.jpg 390 174 79 76
169.jpg 390 169 86 81
170.jpg 378 189 83 82
171.jpg 482 215 60 67
172.jpg 499 341 51 63
173.jpg 455 215 34 36
174.jpg 441 159 55 55
175.jpg 368 166 48 45
176.jpg 464 143 40 39
177.jpg 499 160 38 36
178.jpg 468 137 38 36
179.jpg 526 190 39 36
180.jpg 442 202 20 21
181.jpg 497 219 27 24
182.jpg 451 210 31 34
183.jpg 426 160 32 31
184.jpg 436 212 37 36
185.jpg 363 178 53 45
186.jpg 441 219 60 54
187.jpg 418 173 58 59
188.jpg 464 222 54 62
189.jpg 436 189 58 71
190.jpg 439 121 88 91
191.jpg 401 122 93 98
192.jpg 380 162 110 103
193.jpg 458 122 118 115
194.jpg 417 154 92 116
195.jpg 448 123 81 143
196.jpg 417 127 128 170
197.jpg 232 168 204 194
198.jpg 170 178 240 216
199.jpg 123 198 218 213
200.jpg 320 199 29 78
