1.jpg 302 225 182 110
2.jpg 286 172 170 88
3.jpg 251 222 191 82
4.jpg 254 187 168 78
5.jpg 279 196 136 73
6.jpg 376 217 62 60
7.jpg 460 205 39 21
8.jpg 364 179 129 48
9.jpg 493 197 27 22
10.jpg 489 166 79 48
11.jpg 453 138 107 49
12.jpg 428 160 110 53
13.jpg 424 153 88 48
14.jpg 436 184 65 47
15.jpg 462 169 63 37
16.jpg 405 200 75 39
17.jpg 395 165 89 32
18.jpg 437 176 80 41
19.jpg 470 178 66 38
20.jpg 438 169 86 46
21.jpg 502 239 32 21
22.jpg 464 187 27 10
23.jpg 345 225 151 91
24.jpg 315 214 188 90
25.jpg 299 198 156 66
26.jpg 331 221 132 70
27.jpg 287 192 106 79
28.jpg 395 238 78 79
29.jpg 368 191 93 43
30.jpg 400 193 96 43
31.jpg 417 242 27 14
32.jpg 308 214 186 56
33.jpg 395 222 106 53
34.jpg 401 215 95 64
35.jpg 453 204 75 82
36.jpg 403 230 80 40
37.jpg 468 200 70 31
38.jpg 466 219 61 26
39.jpg 442 230 14 8
40.jpg 426 168 57 28
41.jpg 383 186 52 26
42.jpg 550 217 43 19
43.jpg 387 235 122 87
44.jpg 353 231 167 86
45.jpg 331 180 190 94
46.jpg 328 155 173 94
47.jpg 414 170 135 81
48.jpg 411 216 29 19
49.jpg 408 156 139 101
50.jpg 482 165 45 65
51.jpg 417 184 58 39
52.jpg 393 188 72 42
53.jpg 433 180 86 46
54.jpg 453 212 93 42
55.jpg 422 197 96 48
56.jpg 477 218 75 44
57.jpg 445 188 68 40
58.jpg 419 210 67 33
59.jpg 466 205 66 29
60.jpg 409 196 92 43
61.jpg 368 203 60 29
62.jpg 416 202 25 10
63.jpg 402 214 37 25
64.jpg 378 178 115 78
65.jpg 378 178 193 96
66.jpg 329 187 213 99
67.jpg 376 187 197 90
68.jpg 433 162 160 104
69.jpg 531 170 107 92
70.jpg 414 139 91 72
71.jpg 431 148 91 44
72.jpg 454 181 94 54
73.jpg 410 153 111 53
74.jpg 415 159 87 40
75.jpg 471 170 21 14
76.jpg 416 139 66 30
77.jpg 348 184 64 28
78.jpg 418 188 65 32
79.jpg 434 153 56 29
80.jpg 482 222 49 23
81.jpg 396 203 43 18
82.jpg 475 191 27 18
83.jpg 341 180 191 98
84.jpg 292 202 222 102
85.jpg 271 190 228 111
86.jpg 226 174 206 103
87.jpg 293 190 139 88
88.jpg 477 207 24 26
89.jpg 461 187 61 48
90.jpg 414 225 77 60
91.jpg 421 186 105 56
92.jpg 453 174 103 78
93.jpg 508 195 85 39
94.jpg 463 164 67 31
95.jpg 486 189 52 32
96.jpg 516 207 24 14
97.jpg 540 210 41 32
98.jpg 463 217 25 24
99.jpg 421 201 47 14
100.jpg 362 246 57 28
101.jpg 396 229 44 24
102.jpg 464 198 127 145
103.jpg 333 165 230 159
104.jpg 213 194 303 139
105.jpg 160 156 288 153
106.jpg 127 212 173 123
107.jpg 395 182 62 101
108.jpg 411 150 126 65
109.jpg 452 165 127 62
110.jpg 463 148 126 66
111.jpg 503 164 122 61
112.jpg 473 167 89 45
113.jpg 487 216 84 44
114.jpg 577 187 78 41
115.jpg 484 201 55 39
116.jpg 520 199 42 34
117.jpg 437 180 49 43
118.jpg 526 167 54 27
119.jpg 440 223 53 27
120.jpg 453 211 50 26
121.jpg 425 207 52 33
122.jpg 382 180 175 158
123.jpg 310 175 267 160
124.jpg 166 232 339 153
125.jpg 124 259 337 140
126.jpg 150 215 208 128
127.jpg 278 197 129 105
128.jpg 374 175 82 103
129.jpg 366 165 100 74
130.jpg 469 162 68 34
131.jpg 504 159 88 55
132.jpg 438 175 131 53
133.jpg 430 153 135 60
134.jpg 401 134 123 58
135.jpg 433 183 98 58
136.jpg 401 248 87 35
137.jpg 385 271 47 21
138.jpg 256 37 219 155
139.jpg 233 90 286 129
140.jpg 156 131 272 120
141.jpg 170 138 213 109
142.jpg 263 152 117 95
143.jpg 377 200 24 36
144.jpg 435 146 91 60
145.jpg 478 153 120 63
146.jpg 493 142 130 64
147.jpg 485 167 121 59
148.jpg 460 146 117 53
149.jpg 426 157 111 58
150.jpg 429 193 92 53
151.jpg 374 202 84 37
152.jpg 382 199 80 42
153.jpg 453 179 71 43
154.jpg 422 198 17 11
155.jpg 434 196 62 39
156.jpg 429 177 53 22
157.jpg 439 173 44 19
158.jpg 438 203 39 24
159.jpg 432 193 55 38
160.jpg 364 167 78 47
161.jpg 206 190 287 230
162.jpg 247 249 351 177
163.jpg 137 226 331 137
164.jpg 160 188 237 131
165.jpg 184 191 136 123
166.jpg 297 193 97 127
167.jpg 428 169 71 43
168.jpg 418 189 66 65
169.jpg 454 206 147 67
170.jpg 437 172 164 77
171.jpg 496 131 128 86
172.jpg 452 123 100 89
173.jpg 348 229 112 59
174.jpg 361 253 118 56
175.jpg 387 262 97 44
176.jpg 413 245 83 43
177.jpg 369 252 72 34
178.jpg 411 194 64 27
179.jpg 393 210 52 24
180.jpg 387 167 47 17
181.jpg 422 195 48 30
182.jpg 270 162 184 128
183.jpg 400 141 125 98
184.jpg 236 162 228 108
185.jpg 132 175 316 140
186.jpg 232 161 257 140
187.jpg 288 170 212 116
188.jpg 320 119 88 69
189.jpg 305 153 129 63
190.jpg 297 157 144 70
191.jpg 331 131 130 66
192.jpg 359 146 103 66
193.jpg 403 124 62 68
194.jpg 448 128 53 71
195.jpg 444 160 56 42
196.jpg 447 118 73 48
197.jpg 456 142 86 46
198.jpg 403 138 76 34
199.jpg 372 115 66 31
200.jpg 426 167 74 38
