1.jpg 247 395 31 43
2.jpg 277 389 32 46
3.jpg 321 373 28 43
4.jpg 319 375 29 46
5.jpg 268 397 34 56
6.jpg 292 384 40 58
7.jpg 259 398 43 60
8.jpg 277 368 44 55
9.jpg 282 410 58 76
10.jpg 206 401 65 82
11.jpg 239 395 59 84
12.jpg 238 401 55 91
13.jpg 218 448 47 32
13.jpg 217 395 51 87
13.jpg 214 393 55 93
14.jpg 281 374 41 88
15.jpg 206 380 61 132
16.jpg 205 388 80 154
17.jpg 213 417 96 157
18.jpg 211 381 121 166
19.jpg 233 374 113 164
20.jpg 265 384 111 153
21.jpg 332 421 30 40
22.jpg 315 430 30 40
23.jpg 344 414 31 41
24.jpg 365 390 30 42
25.jpg 302 427 38 51
26.jpg 258 420 40 53
27.jpg 305 415 40 54
28.jpg 341 393 41 56
29.jpg 330 370 61 83
30.jpg 301 402 60 88
31.jpg 311 388 65 88
32.jpg 265 393 76 92
33.jpg 280 424 62 90
34.jpg 307 376 64 95
35.jpg 284 375 75 121
36.jpg 283 388 92 135
37.jpg 357 370 118 156
38.jpg 309 400 116 164
39.jpg 311 398 112 157
40.jpg 409 384 103 159
41.jpg 335 390 34 43
42.jpg 318 396 32 38
43.jpg 345 388 30 39
44.jpg 310 336 33 40
45.jpg 329 346 32 44
46.jpg 309 375 34 44
47.jpg 297 385 36 48
48.jpg 291 342 32 50
49.jpg 279 341 43 63
50.jpg 270 360 52 71
51.jpg 276 347 49 68
52.jpg 302 346 50 70
53.jpg 239 350 52 72
54.jpg 271 349 56 80
55.jpg 220 422 60 103
56.jpg 210 383 80 114
57.jpg 243 463 98 99
58.jpg 249 395 96 135
59.jpg 281 378 106 136
60.jpg 342 395 101 140
61.jpg 308 407 28 38
62.jpg 249 414 28 38
63.jpg 309 375 27 38
64.jpg 281 347 28 40
65.jpg 244 352 31 44
66.jpg 288 388 34 49
67.jpg 149 364 43 54
68.jpg 292 388 39 54
69.jpg 277 402 57 80
70.jpg 267 352 72 92
71.jpg 212 381 71 80
72.jpg 295 411 60 85
73.jpg 275 411 64 85
74.jpg 276 404 58 84
75.jpg 115 436 90 125
76.jpg 148 414 96 134
77.jpg 165 404 101 132
78.jpg 170 353 111 139
79.jpg 193 398 111 140
80.jpg 174 372 102 143
81.jpg 401 463 28 42
82.jpg 356 447 29 47
83.jpg 325 433 34 49
84.jpg 386 429 36 49
85.jpg 325 388 42 56
86.jpg 303 423 42 56
87.jpg 285 419 41 56
88.jpg 370 402 41 56
89.jpg 351 422 45 69
90.jpg 354 404 46 72
91.jpg 312 423 52 78
92.jpg 373 396 58 82
93.jpg 360 365 67 90
94.jpg 339 391 68 89
95.jpg 265 416 96 121
96.jpg 289 369 106 147
97.jpg 299 362 108 155
98.jpg 340 382 104 151
99.jpg 375 361 100 160
100.jpg 385 314 85 160
101.jpg 323 455 35 49
102.jpg 364 476 33 45
103.jpg 247 443 32 47
104.jpg 300 402 29 45
105.jpg 314 409 27 44
106.jpg 266 460 26 46
107.jpg 249 414 30 50
108.jpg 304 416 31 49
109.jpg 311 420 41 59
110.jpg 191 391 47 70
111.jpg 222 455 56 75
112.jpg 231 440 53 77
113.jpg 239 443 45 71
114.jpg 267 389 48 74
115.jpg 138 436 61 105
116.jpg 165 421 69 113
117.jpg 163 473 78 117
118.jpg 220 440 83 118
119.jpg 227 444 95 131
120.jpg 171 369 110 145
121.jpg 345 468 37 38
122.jpg 334 406 30 41
123.jpg 318 438 35 44
124.jpg 303 430 32 46
125.jpg 265 456 32 45
126.jpg 295 449 39 52
127.jpg 266 421 42 54
128.jpg 339 350 44 54
129.jpg 348 399 47 63
130.jpg 264 408 50 76
131.jpg 325 298 56 73
132.jpg 269 371 54 71
133.jpg 321 353 56 75
134.jpg 295 373 55 71
135.jpg 156 421 75 93
136.jpg 238 448 75 100
137.jpg 309 421 85 111
138.jpg 346 439 94 120
139.jpg 333 420 91 118
140.jpg 363 430 94 125
141.jpg 337 361 91 144
142.jpg 246 477 36 45
143.jpg 273 386 32 48
144.jpg 256 436 31 50
145.jpg 262 399 28 44
146.jpg 290 456 33 51
147.jpg 215 420 34 54
148.jpg 220 425 41 60
149.jpg 202 412 41 60
150.jpg 273 412 48 67
151.jpg 259 454 55 75
152.jpg 191 424 58 82
153.jpg 207 418 60 92
154.jpg 132 366 73 98
155.jpg 227 370 59 98
156.jpg 160 477 71 97
157.jpg 199 357 76 140
158.jpg 227 341 111 178
159.jpg 180 390 123 181
160.jpg 221 385 148 200
161.jpg 159 381 156 211
162.jpg 297 431 42 57
163.jpg 309 456 40 56
164.jpg 317 421 39 56
165.jpg 452 444 35 27
165.jpg 448 413 40 61
166.jpg 219 447 42 69
167.jpg 262 405 44 68
168.jpg 281 414 55 80
169.jpg 302 418 63 84
170.jpg 311 431 72 98
171.jpg 201 417 85 115
172.jpg 222 417 88 123
173.jpg 175 394 91 132
174.jpg 129 373 84 136
175.jpg 107 375 80 142
176.jpg 153 429 76 174
177.jpg 190 427 43 60
177.jpg 181 420 56 153
178.jpg 217 411 67 163
179.jpg 130 403 98 192
180.jpg 187 362 139 213
181.jpg 135 382 178 258
182.jpg 328 419 69 125
183.jpg 341 436 72 123
184.jpg 256 405 86 135
185.jpg 238 423 99 142
186.jpg 211 397 116 156
187.jpg 264 394 113 151
188.jpg 306 409 83 122
189.jpg 316 430 80 112
190.jpg 317 476 86 111
191.jpg 315 446 77 102
192.jpg 335 433 92 115
193.jpg 373 442 72 100
194.jpg 352 407 13 17
194.jpg 328 399 61 82
195.jpg 333 409 54 75
196.jpg 296 406 53 72
197.jpg 339 407 55 73
198.jpg 409 407 47 63
199.jpg 356 462 41 56
200.jpg 346 412 39 55
201.jpg 352 462 40 52
