1.jpg 483 310 120 192
2.jpg 482 288 176 180
3.jpg 470 303 215 165
4.jpg 439 304 243 167
5.jpg 417 275 274 163
6.jpg 437 288 184 179
7.jpg 416 304 90 148
8.jpg 497 315 37 27
9.jpg 415 284 84 59
10.jpg 507 279 108 64
11.jpg 427 280 111 64
12.jpg 367 257 111 69
13.jpg 363 230 105 67
14.jpg 409 300 78 55
15.jpg 410 300 76 47
16.jpg 413 295 80 49
17.jpg 434 293 79 47
18.jpg 448 293 65 54
19.jpg 491 338 55 39
20.jpg 524 300 59 40
21.jpg 513 270 58 37
22.jpg 482 274 54 35
23.jpg 448 282 55 35
24.jpg 380 298 92 105
25.jpg 276 242 120 108
26.jpg 228 226 151 106
27.jpg 399 249 162 96
28.jpg 478 253 160 96
29.jpg 474 200 88 95
30.jpg 475 251 68 66
31.jpg 433 271 75 59
32.jpg 393 263 96 61
33.jpg 406 262 107 67
34.jpg 417 245 110 67
35.jpg 441 235 98 62
36.jpg 422 268 62 44
37.jpg 439 225 70 45
38.jpg 405 169 75 47
39.jpg 460 295 78 47
40.jpg 528 242 60 34
41.jpg 448 280 37 31
42.jpg 416 287 29 18
43.jpg 476 312 84 36
44.jpg 528 310 187 199
45.jpg 622 307 242 194
46.jpg 467 270 291 182
47.jpg 406 240 255 159
48.jpg 398 231 212 168
49.jpg 433 279 118 140
50.jpg 444 257 104 108
51.jpg 454 233 103 82
52.jpg 526 283 114 74
53.jpg 557 201 134 79
54.jpg 568 248 137 78
55.jpg 495 253 107 78
56.jpg 486 228 83 53
57.jpg 484 281 79 50
58.jpg 447 294 82 50
59.jpg 490 287 79 47
60.jpg 481 243 69 45
61.jpg 498 279 52 38
62.jpg 437 230 58 38
63.jpg 465 219 59 38
64.jpg 468 235 186 155
65.jpg 481 262 211 160
66.jpg 451 249 508 226
67.jpg 467 260 278 170
68.jpg 413 247 264 184
69.jpg 464 255 144 209
70.jpg 504 254 102 86
71.jpg 545 266 117 88
72.jpg 460 270 128 83
73.jpg 419 254 138 80
74.jpg 352 183 150 90
75.jpg 439 253 96 89
76.jpg 460 298 85 58
77.jpg 530 296 84 50
78.jpg 488 289 91 56
79.jpg 389 265 84 51
80.jpg 501 252 63 39
81.jpg 411 237 72 40
82.jpg 399 224 66 37
83.jpg 451 255 118 53
84.jpg 447 295 187 229
85.jpg 501 273 225 208
86.jpg 435 250 269 184
87.jpg 441 265 242 155
88.jpg 470 259 204 151
89.jpg 553 237 106 130
90.jpg 532 255 80 75
91.jpg 506 238 94 73
92.jpg 419 321 133 77
93.jpg 350 290 123 76
94.jpg 273 205 94 76
95.jpg 414 267 58 48
96.jpg 353 274 95 63
97.jpg 430 238 79 47
98.jpg 468 282 57 34
99.jpg 382 289 163 118
100.jpg 334 252 194 121
101.jpg 472 245 199 115
102.jpg 364 200 184 124
103.jpg 254 198 126 118
104.jpg 384 269 117 78
105.jpg 380 246 114 69
106.jpg 389 275 65 40
107.jpg 478 229 65 39
108.jpg 500 197 66 42
109.jpg 447 246 53 41
110.jpg 451 269 49 38
111.jpg 406 288 36 28
112.jpg 458 340 38 21
113.jpg 505 293 43 49
114.jpg 536 293 39 23
115.jpg 505 307 39 24
116.jpg 443 302 107 164
117.jpg 474 282 162 171
118.jpg 397 281 269 185
119.jpg 371 277 190 153
120.jpg 484 224 226 151
121.jpg 515 256 125 142
122.jpg 388 319 74 59
123.jpg 398 263 83 60
124.jpg 446 248 97 63
125.jpg 312 214 116 67
126.jpg 350 202 107 66
127.jpg 311 179 87 66
128.jpg 435 297 55 44
129.jpg 434 275 77 47
130.jpg 532 302 87 51
131.jpg 564 203 75 20
132.jpg 398 292 49 31
133.jpg 424 297 51 29
134.jpg 384 377 48 33
135.jpg 432 388 64 40
136.jpg 404 330 169 103
137.jpg 387 300 167 96
138.jpg 343 288 194 112
139.jpg 340 256 197 119
140.jpg 307 241 164 128
141.jpg 379 241 120 147
142.jpg 348 326 94 61
143.jpg 380 297 101 68
144.jpg 402 277 108 69
145.jpg 412 311 106 62
146.jpg 406 288 103 64
147.jpg 409 306 94 70
148.jpg 403 355 67 48
149.jpg 402 268 76 42
150.jpg 339 254 81 47
151.jpg 361 217 83 52
152.jpg 347 208 80 47
153.jpg 400 252 71 44
154.jpg 482 373 53 42
155.jpg 471 349 53 38
156.jpg 397 338 57 34
157.jpg 420 326 51 31
158.jpg 452 360 31 17
159.jpg 476 348 44 26
160.jpg 509 299 45 45
161.jpg 442 286 24 13
162.jpg 516 298 49 34
163.jpg 446 323 133 88
164.jpg 496 325 141 93
165.jpg 495 330 154 92
166.jpg 490 328 133 86
167.jpg 523 311 97 83
168.jpg 522 318 79 86
169.jpg 509 323 56 58
170.jpg 488 277 62 53
171.jpg 340 150 88 56
172.jpg 348 182 84 52
173.jpg 463 222 81 53
174.jpg 554 277 64 40
175.jpg 531 287 54 33
176.jpg 513 293 53 35
177.jpg 445 323 42 30
178.jpg 446 273 40 32
179.jpg 432 279 38 23
180.jpg 472 272 44 32
181.jpg 467 275 138 127
182.jpg 592 286 165 135
183.jpg 574 278 212 138
184.jpg 542 262 211 110
185.jpg 643 257 193 113
186.jpg 600 192 105 111
187.jpg 480 240 63 60
188.jpg 445 223 72 62
189.jpg 444 189 86 57
190.jpg 384 191 98 55
191.jpg 418 189 100 49
192.jpg 290 139 87 65
193.jpg 500 228 63 45
194.jpg 491 228 69 50
195.jpg 460 235 72 48
196.jpg 453 241 73 45
197.jpg 514 310 53 32
198.jpg 450 103 53 33
199.jpg 497 167 55 34
200.jpg 514 158 61 36
