1.jpg 576 166 80 188
2.jpg 530 154 105 188
3.jpg 532 161 143 192
4.jpg 489 136 193 208
5.jpg 381 117 183 215
6.jpg 432 140 143 225
7.jpg 426 157 103 127
8.jpg 582 192 118 123
9.jpg 581 212 90 95
10.jpg 559 189 85 95
11.jpg 499 219 67 93
12.jpg 521 217 46 77
13.jpg 482 209 60 71
14.jpg 530 202 62 65
15.jpg 552 172 64 70
16.jpg 542 236 54 59
17.jpg 469 227 47 50
18.jpg 487 233 38 38
19.jpg 445 245 37 34
20.jpg 459 242 31 30
21.jpg 525 209 43 116
22.jpg 494 189 53 126
23.jpg 509 175 101 169
24.jpg 390 150 167 178
25.jpg 388 166 122 177
26.jpg 478 240 54 134
27.jpg 512 205 48 75
28.jpg 508 201 57 83
29.jpg 539 201 58 67
30.jpg 457 210 77 85
31.jpg 445 191 60 82
32.jpg 467 195 40 68
33.jpg 525 226 35 50
34.jpg 480 231 51 60
35.jpg 558 229 46 47
36.jpg 541 254 47 46
37.jpg 476 234 36 40
38.jpg 501 230 33 33
39.jpg 446 191 34 34
40.jpg 415 234 33 33
41.jpg 484 226 40 40
42.jpg 543 222 37 37
43.jpg 571 199 35 38
44.jpg 551 232 41 46
45.jpg 491 231 59 65
46.jpg 466 183 63 68
47.jpg 437 286 48 48
48.jpg 562 219 56 68
49.jpg 463 197 74 85
50.jpg 488 171 83 90
51.jpg 507 204 78 84
52.jpg 476 198 75 89
53.jpg 487 219 65 97
54.jpg 484 202 64 111
55.jpg 563 215 54 109
56.jpg 577 180 114 157
57.jpg 621 192 156 157
58.jpg 614 185 110 151
59.jpg 550 213 81 128
60.jpg 523 199 32 94
61.jpg 458 209 28 122
62.jpg 467 196 75 165
63.jpg 454 140 135 169
64.jpg 399 182 160 166
65.jpg 502 178 110 154
66.jpg 562 168 66 160
67.jpg 567 172 44 117
68.jpg 516 172 41 87
69.jpg 598 129 69 104
70.jpg 544 137 82 100
71.jpg 608 197 89 94
72.jpg 530 213 79 90
73.jpg 564 176 69 75
74.jpg 512 232 51 61
75.jpg 543 190 49 59
76.jpg 480 181 52 64
77.jpg 477 186 44 46
78.jpg 540 204 36 39
79.jpg 497 171 35 38
80.jpg 497 186 34 33
81.jpg 593 203 34 34
82.jpg 480 211 124 194
83.jpg 558 189 164 184
84.jpg 548 210 157 171
85.jpg 483 189 113 158
86.jpg 489 187 54 160
87.jpg 468 142 54 144
88.jpg 522 209 95 109
89.jpg 543 194 101 103
90.jpg 520 184 97 104
91.jpg 554 263 82 92
92.jpg 553 272 60 67
93.jpg 528 266 71 77
94.jpg 402 230 64 69
95.jpg 341 412 61 71
96.jpg 451 154 51 57
97.jpg 414 163 43 49
98.jpg 444 131 42 47
99.jpg 484 93 35 37
100.jpg 482 130 63 144
101.jpg 491 163 111 172
102.jpg 497 135 137 179
103.jpg 414 73 173 188
104.jpg 379 144 144 171
105.jpg 427 111 90 167
106.jpg 555 137 79 101
107.jpg 522 133 83 106
108.jpg 558 167 92 99
109.jpg 466 138 86 98
110.jpg 480 142 69 99
111.jpg 420 174 38 80
112.jpg 394 145 50 57
113.jpg 430 161 51 56
114.jpg 515 181 54 57
115.jpg 604 196 56 60
116.jpg 471 219 41 41
117.jpg 540 171 46 50
118.jpg 475 196 40 41
119.jpg 479 151 35 43
120.jpg 496 234 46 79
121.jpg 531 146 66 109
122.jpg 515 138 96 125
123.jpg 386 128 125 131
124.jpg 472 122 101 127
125.jpg 378 138 68 130
126.jpg 515 187 55 68
127.jpg 513 179 58 70
128.jpg 391 165 68 71
129.jpg 508 142 68 76
130.jpg 516 182 54 59
131.jpg 603 165 44 59
132.jpg 424 169 41 62
133.jpg 522 163 36 54
134.jpg 586 144 44 48
135.jpg 581 174 43 44
136.jpg 534 133 47 57
137.jpg 614 166 38 49
138.jpg 493 144 39 40
139.jpg 496 209 33 33
140.jpg 466 201 92 178
141.jpg 449 186 137 184
142.jpg 525 176 167 179
143.jpg 597 138 121 171
144.jpg 568 143 75 158
145.jpg 495 146 51 146
146.jpg 451 168 59 99
147.jpg 532 178 76 95
148.jpg 484 205 84 91
149.jpg 544 169 85 70
150.jpg 562 173 70 87
151.jpg 460 165 60 83
152.jpg 497 199 40 51
153.jpg 555 174 54 64
154.jpg 505 125 63 70
155.jpg 578 196 54 62
156.jpg 500 192 40 51
157.jpg 503 200 38 38
158.jpg 519 228 48 54
159.jpg 496 266 49 57
160.jpg 436 231 29 118
161.jpg 460 157 135 146
162.jpg 540 135 137 152
163.jpg 449 159 97 143
164.jpg 485 189 48 103
165.jpg 476 163 33 106
166.jpg 482 182 71 103
167.jpg 532 130 87 105
168.jpg 519 177 79 81
169.jpg 531 160 83 94
170.jpg 337 135 71 79
171.jpg 453 181 53 60
172.jpg 498 153 45 47
173.jpg 548 144 52 56
174.jpg 527 186 42 43
175.jpg 477 156 37 39
176.jpg 491 170 35 36
177.jpg 476 173 34 37
178.jpg 484 178 30 30
179.jpg 489 158 26 27
180.jpg 413 273 33 52
181.jpg 418 172 83 104
182.jpg 411 147 99 80
183.jpg 392 130 88 110
184.jpg 492 137 78 101
185.jpg 619 174 55 79
186.jpg 439 170 42 61
187.jpg 443 171 47 59
188.jpg 439 175 46 51
189.jpg 438 184 58 65
190.jpg 536 132 61 68
191.jpg 505 175 61 68
192.jpg 484 167 59 67
193.jpg 462 230 28 47
194.jpg 371 182 48 49
195.jpg 564 146 46 52
196.jpg 436 144 50 54
197.jpg 415 205 41 45
198.jpg 334 199 38 44
199.jpg 357 239 34 34
