1.jpg 316 382 27 28
2.jpg 374 374 26 26
3.jpg 352 340 35 41
4.jpg 390 359 36 40
5.jpg 361 342 45 42
6.jpg 287 311 58 54
7.jpg 327 316 53 56
8.jpg 331 337 46 50
9.jpg 347 352 64 65
10.jpg 321 382 67 70
11.jpg 344 381 80 79
12.jpg 344 329 71 77
13.jpg 318 307 63 73
14.jpg 303 365 64 59
15.jpg 299 371 76 94
16.jpg 266 387 65 112
16.jpg 276 379 100 121
17.jpg 349 383 118 131
18.jpg 358 382 119 118
19.jpg 360 402 103 107
20.jpg 435 355 106 131
21.jpg 394 339 56 145
22.jpg 304 363 103 169
23.jpg 289 352 169 176
24.jpg 311 339 202 193
25.jpg 320 281 158 218
26.jpg 278 350 136 210
27.jpg 337 392 52 63
28.jpg 341 388 56 60
29.jpg 300 354 104 105
30.jpg 351 386 71 75
31.jpg 352 417 95 88
32.jpg 351 349 56 95
33.jpg 424 391 32 48
34.jpg 391 347 38 50
35.jpg 317 351 48 50
36.jpg 413 356 48 56
37.jpg 403 430 32 34
38.jpg 295 387 36 34
39.jpg 281 414 30 36
40.jpg 307 405 32 32
41.jpg 313 350 40 35
42.jpg 250 347 35 38
43.jpg 296 342 35 31
44.jpg 383 352 28 34
45.jpg 289 350 30 40
46.jpg 382 359 49 50
47.jpg 297 290 52 55
48.jpg 351 297 54 61
49.jpg 301 293 73 75
50.jpg 308 335 66 67
51.jpg 285 314 76 80
52.jpg 404 288 67 80
53.jpg 351 312 82 87
54.jpg 219 312 57 76
55.jpg 219 324 89 141
56.jpg 291 280 137 200
57.jpg 377 301 220 253
58.jpg 368 306 211 212
59.jpg 361 331 113 172
60.jpg 366 320 62 145
61.jpg 224 374 98 169
62.jpg 102 379 189 193
63.jpg 147 325 188 198
64.jpg 67 342 190 201
65.jpg 171 368 76 149
66.jpg 230 387 32 124
67.jpg 212 329 36 56
68.jpg 271 320 46 60
69.jpg 217 314 58 67
70.jpg 276 353 61 66
71.jpg 253 348 63 68
72.jpg 251 375 77 81
73.jpg 311 386 48 54
74.jpg 267 361 52 65
75.jpg 294 360 45 53
76.jpg 319 355 38 40
77.jpg 215 361 33 43
78.jpg 193 316 36 39
79.jpg 293 314 37 38
80.jpg 304 326 39 49
81.jpg 175 341 35 35
82.jpg 319 381 48 58
83.jpg 353 358 31 40
84.jpg 411 388 29 44
85.jpg 338 356 37 42
86.jpg 439 322 33 35
87.jpg 249 387 50 48
88.jpg 231 370 47 52
89.jpg 283 369 40 58
90.jpg 264 354 55 62
91.jpg 215 292 70 73
92.jpg 162 308 82 82
93.jpg 167 326 78 78
94.jpg 175 348 78 84
95.jpg 243 277 71 87
96.jpg 141 311 126 188
97.jpg 157 345 178 192
98.jpg 0 336 324 396
98.jpg 154 329 164 184
99.jpg 155 403 154 166
100.jpg 183 347 124 155
101.jpg 223 368 91 160
102.jpg 335 438 26 42
103.jpg 375 360 40 46
104.jpg 368 354 32 40
105.jpg 459 355 33 34
106.jpg 322 332 58 52
107.jpg 315 372 57 64
108.jpg 310 346 41 49
109.jpg 326 368 40 41
110.jpg 419 267 61 66
111.jpg 296 284 58 67
111.jpg 279 255 86 116
112.jpg 288 260 101 110
113.jpg 288 288 97 106
114.jpg 194 309 93 119
115.jpg 369 354 74 95
116.jpg 297 325 61 105
117.jpg 309 312 89 126
118.jpg 334 352 112 136
119.jpg 340 327 158 163
120.jpg 354 314 131 140
121.jpg 304 322 126 146
122.jpg 338 348 36 40
123.jpg 297 388 29 30
124.jpg 302 405 31 28
125.jpg 194 362 42 43
126.jpg 303 388 43 44
127.jpg 332 377 43 41
128.jpg 280 342 53 58
129.jpg 346 389 47 47
130.jpg 280 400 63 61
131.jpg 287 419 49 56
132.jpg 350 387 71 68
133.jpg 304 340 81 92
134.jpg 313 364 86 81
135.jpg 319 302 151 92
135.jpg 325 294 73 89
136.jpg 297 316 125 150
137.jpg 314 289 127 148
138.jpg 262 288 151 159
138.jpg 281 283 129 162
139.jpg 251 280 158 167
140.jpg 252 283 141 171
141.jpg 287 289 136 175
142.jpg 365 414 54 127
143.jpg 316 431 122 142
144.jpg 315 376 150 190
145.jpg 305 345 207 228
146.jpg 230 357 260 211
147.jpg 301 378 143 188
148.jpg 292 426 70 90
149.jpg 275 397 64 84
150.jpg 277 398 79 76
151.jpg 314 372 86 76
152.jpg 385 394 82 83
153.jpg 426 446 87 82
154.jpg 306 346 39 43
155.jpg 349 369 45 43
156.jpg 302 336 35 39
157.jpg 285 326 44 52
158.jpg 370 420 41 42
159.jpg 345 445 42 40
160.jpg 330 451 41 46
161.jpg 406 444 34 44
162.jpg 341 452 25 30
163.jpg 295 426 20 21
164.jpg 345 414 28 30
165.jpg 354 395 29 31
166.jpg 351 433 35 40
167.jpg 315 422 35 40
168.jpg 300 410 40 50
169.jpg 331 417 42 47
170.jpg 376 420 39 46
171.jpg 236 399 70 67
172.jpg 298 327 67 73
173.jpg 280 385 65 66
174.jpg 308 424 68 75
175.jpg 358 428 63 63
176.jpg 270 417 110 121
177.jpg 325 400 135 153
178.jpg 333 364 194 191
179.jpg 368 378 152 172
180.jpg 396 385 40 88
180.jpg 369 379 70 127
181.jpg 326 389 42 86
182.jpg 413 377 44 121
183.jpg 345 391 36 38
184.jpg 331 423 40 39
185.jpg 365 377 40 44
186.jpg 401 368 42 54
187.jpg 395 387 48 52
188.jpg 353 390 52 58
189.jpg 283 449 53 60
190.jpg 307 350 55 63
191.jpg 323 444 61 72
192.jpg 311 388 66 78
193.jpg 267 411 79 77
194.jpg 317 391 74 70
195.jpg 300 362 70 81
196.jpg 398 393 59 82
197.jpg 222 410 92 106
198.jpg 227 362 108 128
199.jpg 349 356 101 103
200.jpg 344 331 138 164
201.jpg 320 342 107 133
202.jpg 369 353 101 148
203.jpg 353 369 50 91
203.jpg 336 375 77 147
204.jpg 363 354 130 185
205.jpg 363 351 122 61
205.jpg 341 386 164 187
206.jpg 324 366 184 191
207.jpg 346 348 185 227
208.jpg 298 377 150 183
209.jpg 309 400 92 104
210.jpg 346 378 100 105
211.jpg 352 394 94 105
212.jpg 339 386 91 103
213.jpg 372 379 92 109
214.jpg 443 372 92 111
215.jpg 380 392 57 61
216.jpg 433 370 69 71
217.jpg 390 371 69 76
218.jpg 358 408 68 69
219.jpg 322 425 44 52
220.jpg 325 439 37 43
221.jpg 311 440 35 43
222.jpg 303 434 40 45
